org_id	remap_id
2086	
1601	
3355	
3798	
427	
3177	
79	
715	
1840	
1733	
1276	
484	
3738	
613	
1865	
432	
2241	
684	
643	
1613	
2741	
1475	
1059	
1438	
1580	
538	
152	
1443	
416	
3390	
3279	
1479	
68	
383	
2635	
3831	
3384	
1163	
3661	
541	
829	
3827	
1153	
3444	
3425	
3317	
2141	
1324	
2786	
3539	
2359	
2370	
2125	
3792	
1473	
3529	
3784	
749	
2890	
789	
2726	
3109	
3498	
2913	
3729	
2622	
628	
472	
70	
447	
368	
2636	
147	
1467	
3166	
2460	
2517	
3441	
119	
3248	
795	
1674	
591	
1656	
3031	
2880	
2275	
2707	
2493	
2547	
2008	
2843	
444	
2051	
2598	
176	
3544	
1057	
3822	
997	
1142	
3774	
1157	
2621	
3723	
540	
1719	
2725	
3582	
3759	
2953	
3645	
1325	
1529	
136	
2324	
2924	
2737	
2564	
3689	
539	
2080	
2214	
508	
458	
3695	
319	
1082	
2688	
2638	
901	
2360	
534	
434	
1664	
2870	
3049	
3153	
3078	
3433	
1834	
3688	
1907	
2222	
379	
1633	
623	
1989	
651	
3832	
824	
492	
1010	
1412	
1625	
80	
1744	
1846	
3185	
2208	
949	
2534	
1762	
2732	
1894	
123	
1806	
2006	
36	
405	
2888	
1323	
1786	
3007	
3763	
1738	
363	
3199	
2833	
1569	
2883	
1886	
785	
1179	
374	
3367	
1672	
1891	
149	
3412	
183	
181	
895	
1960	
1983	
3625	
66	
1238	
976	
948	
646	
1773	
3120	
2121	
2070	
1353	
1308	
2682	
790	
436	
1154	
1066	
796	
400	
2867	
682	
1347	
3076	
2803	
2038	
3486	
1526	
2802	
2906	
2211	
2295	
3132	
204	
206	
3381	
3023	
186	
115	
614	
410	
1748	
2050	
67	
2467	
3068	
127	
39	
279	
1845	
3282	
408	
974	
2597	
3821	
781	
2779	
1464	
3440	
1624	
1634	
2731	
2894	
1241	
1337	
3742	
3579	
3519	
2658	
1737	
1776	
3325	
1720	
1678	
1246	
2724	
3746	
2039	
2804	
2733	
3087	
1352	
1389	
75	
437	
3740	
294	
602	
3452	
1821	
516	
777	
2514	
3191	
865	
1772	
3665	
3374	
1496	
3321	
3458	
1310	
1183	
3802	
1228	
2104	
2515	
2494	
2150	
3788	
2734	
2079	
3404	
1910	
2265	
2270	
3598	
30	
1885	
2338	
737	
1974	
3676	
529	
54	
3140	
498	
537	
1152	
629	
677	
28	
1965	
2715	
3026	
1332	
3648	
2711	
2919	
3565	
601	
1053	
2660	
2758	
1044	
2216	
2465	
977	
1209	
1847	
604	
557	
386	
809	
2637	
3280	
2914	
1500	
1403	
2122	
1207	
1831	
1502	
2430	
899	
1115	
135	
2487	
1767	
1768	
1051	
1695	
284	
2926	
837	
2221	
2402	
58	
1505	
2013	
235	
2619	
2998	
1497	
678	
377	
407	
2217	
1975	
308	
160	
1981	
2034	
2706	
502	
1360	
1553	
788	
194	
2918	
253	
380	
1816	
2449	
1724	
1280	
2904	
735	
2964	
2507	
2961	
435	
117	
887	
853	
91	
728	
619	
3512	
2160	
21	
128	
2455	
1370	
1510	
156	
1618	
261	
387	
63	
469	
3779	
698	
2057	
1913	
696	
3222	
2243	
1985	
2789	
818	
905	
269	
2337	
550	
1706	
192	
645	
2227	
2462	
1849	
2234	
3840	
1097	
3363	
3387	
118	
675	
729	
2357	
1339	
424	
332	
366	
3193	
184	
2293	
1249	
2159	
2730	
2232	
451	
2606	
3547	
3331	
1536	
2409	
2010	
1358	
422	
567	
1032	
2147	
1711	
71	
2083	
987	
1035	
893	
1638	
2497	
2562	
1355	
1307	
1642	
1872	
1873	
894	
3198	
3066	
2100	
1357	
3817	
2860	
594	
298	
1558	
1130	
390	
1283	
142	
1279	
102	
1110	
3245	
3405	
3454	
141	
3035	
395	
633	
2201	
2727	
3040	
150	
2398	
1321	
3535	
2113	
1206	
3349	
1827	
3562	
1993	
1463	
1433	
2260	
3143	
1146	
2745	
3754	
1285	
2296	
3677	
2297	
1413	
313	
902	
3584	
3523	
3074	
990	
1661	
2095	
2481	
445	
3794	
2874	
934	
3042	
3787	
668	
2631	
988	
636	
1729	
3002	
2656	
3000	
3231	
898	
3717	
2573	
2630	
56	
2142	
1232	
2901	
662	
299	
722	
1766	
1792	
3086	
1335	
2259	
2093	
3071	
373	
270	
2167	
527	
625	
745	
1676	
215	
1567	
333	
474	
817	
757	
3628	
1576	
3006	
83	
1662	
411	
1293	
1681	
1247	
718	
2371	
847	
1190	
1441	
3396	
376	
3344	
2713	
322	
741	
1338	
3678	
1836	
3179	
2689	
3443	
1363	
681	
2453	
800	
2200	
2678	
3156	
2206	
2861	
440	
3509	
81	
2595	
1439	
815	
3014	
282	
774	
3115	
2823	
1616	
672	
1435	
1793	
1702	
1007	
685	
2674	
855	
1173	
3588	
3206	
3297	
2099	
382	
1877	
2951	
2643	
2047	
3312	
1860	
1278	
2184	
2970	
301	
1954	
1803	
193	
1362	
2130	
1781	
2840	
457	
2942	
3194	
2084	
2094	
2757	
2620	
1587	
3469	
1193	
1187	
3439	
545	
316	
2179	
2458	
3397	
3836	
442	
1936	
1917	
3644	
2697	
1378	
2285	
3246	
3095	
3048	
3473	
2602	
2109	
237	
3133	
2421	
3401	
77	
2351	
2111	
430	
3646	
207	
2189	
979	
3234	
1880	
2529	
1750	
3542	
2106	
2844	
274	
1669	
3275	
1400	
2313	
3364	
3382	
1024	
1407	
249	
2127	
283	
679	
2781	
133	
1699	
3517	
2129	
3350	
3430	
622	
271	
3669	
807	
321	
2721	
3265	
726	
2633	
2011	
3342	
3054	
3608	
2394	
674	
2683	
2210	
38	
3495	
189	
3204	
967	
2437	
3108	
3016	
909	
2483	
3673	
530	
2692	
581	
2245	
3235	
2207	
354	
3446	
231	
936	
1753	
871	
2811	
3739	
205	
1026	
839	
2603	
2482	
3123	
325	
151	
1220	
2650	
3663	
1707	
2577	
3596	
1600	
2244	
1105	
917	
552	
1998	
1833	
2708	
2329	
3094	
2830	
1453	
1448	
1002	
3501	
1942	
2311	
14	
360	
406	
371	
57	
3650	
873	
2089	
981	
1045	
641	
1300	
1111	
3757	
3121	
3167	
74	
2877	
999	
978	
1003	
2380	
2531	
122	
2372	
2593	
3264	
3375	
3640	
597	
303	
1254	
1488	
2712	
2990	
1629	
124	
2699	
1043	
145	
2454	
3080	
3830	
2772	
510	
2510	
724	
2864	
1436	
697	
2126	
3242	
600	
2193	
1623	
1149	
168	
244	
3369	
3520	
2788	
129	
3613	
1092	
2605	
499	
116	
304	
2750	
2944	
803	
2608	
1227	
361	
1404	
688	
1255	
2537	
3172	
2144	
644	
816	
3775	
1734	
2592	
3180	
3752	
3360	
916	
3660	
1893	
3111	
358	
861	
314	
3762	
3233	
3092	
1704	
3691	
3159	
1458	
3200	
3399	
1218	
1159	
2429	
2847	
740	
3187	
586	
29	
806	
2684	
2792	
2441	
53	
1525	
793	
3128	
695	
2718	
1848	
1277	
1513	
1824	
3190	
33	
1697	
2272	
1651	
574	
2634	
385	
2509	
2452	
2584	
1962	
3273	
3020	
78	
2552	
3733	
2341	
2972	
2710	
2053	
1694	
418	
2526	
295	
2878	
814	
3378	
1474	
3528	
637	
721	
3475	
350	
404	
1692	
3232	
2893	
1909	
46	
2588	
3823	
2412	
551	
791	
2516	
2769	
252	
2436	
2390	
2696	
3607	
341	
3052	
1810	
2279	
553	
2343	
2306	
1955	
3126	
2174	
504	
1582	
3311	
3567	
212	
603	
3417	
3260	
159	
25	
1089	
195	
1632	
449	
3599	
2405	
913	
402	
2389	
1192	
3060	
1229	
1895	
2136	
3518	
1684	
2655	
1931	
3508	
448	
2205	
1034	
396	
1069	
2378	
2018	
2044	
3183	
2561	
2819	
769	
1645	
1330	
339	
897	
2078	
3354	
2098	
2960	
3670	
1270	
2277	
1376	
1597	
1127	
2223	
480	
2362	
450	
109	
52	
1091	
250	
1693	
838	
2400	
223	
3706	
956	
1620	
719	
2565	
277	
2836	
2520	
2263	
1654	
2770	
375	
2978	
171	
307	
1383	
738	
2983	
3379	
178	
1579	
3400	
420	
556	
356	
113	
3743	
2767	
3557	
1348	
1074	
155	
3046	
1367	
2344	
3058	
585	
3419	
1469	
1573	
1461	
2358	
1042	
1399	
1346	
3578	
2551	
1046	
157	
2419	
464	
2668	
3530	
3416	
1476	
1155	
265	
1422	
2784	
357	
134	
1016	
3449	
1492	
3564	
2479	
3110	
794	
843	
3767	
687	
2771	
1349	
3332	
712	
2043	
912	
3721	
593	
1764	
1031	
2743	
351	
2936	
2539	
3692	
520	
514	
429	
2015	
4	
2387	
1427	
923	
2963	
84	
2742	
3079	
730	
3162	
2993	
2557	
1819	
2563	
1562	
1957	
3546	
22	
2309	
2312	
841	
2808	
3653	
1617	
328	
3426	
2679	
1095	
3211	
359	
399	
324	
1356	
3487	
114	
989	
3813	
951	
2132	
1259	
706	
2761	
1221	
2336	
1635	
2209	
2450	
239	
3795	
3093	
896	
1208	
1788	
1602	
1829	
1333	
779	
1614	
1148	
121	
904	
1340	
3184	
2615	
166	
638	
2774	
1751	
2670	
3266	
605	
12	
3137	
2949	
2717	
3228	
1559	
1022	
875	
673	
1273	
961	
2795	
969	
671	
598	
1881	
3668	
2723	
620	
920	
3586	
1465	
1204	
3009	
61	
1864	
242	
1107	
883	
2148	
2519	
1421	
202	
3460	
3496	
1521	
3778	
2865	
3391	
747	
584	
197	
710	
199	
49	
524	
3161	
1710	
1430	
1135	
1606	
844	
2076	
846	
2085	
3030	
64	
95	
1944	
660	
1248	
1014	
1741	
2677	
3526	
2686	
2979	
3290	
1328	
2161	
3411	
3616	
3263	
463	
3585	
3725	
1928	
2892	
1213	
2915	
1085	
3538	
1560	
2252	
3479	
288	
2845	
2550	
3602	
3592	
251	
2186	
3603	
3471	
2069	
1079	
1102	
2414	
1240	
1140	
3702	
2022	
3716	
3114	
3307	
131	
2177	
1006	
1431	
3699	
531	
1449	
2848	
1904	
3485	
3163	
3220	
572	
1234	
983	
2872	
3043	
2368	
2556	
2546	
417	
306	
3422	
3345	
1584	
326	
3610	
879	
2146	
2422	
1805	
944	
1326	
1685	
3295	
1973	
2026	
1425	
827	
1416	
2082	
1040	
1114	
2977	
441	
3772	
3631	
2212	
2987	
1385	
1705	
2416	
1489	
1920	
3494	
1923	
62	
55	
787	
1796	
852	
2661	
2138	
1237	
1361	
2738	
3147	
101	
1765	
475	
2820	
254	
3569	
1924	
1959	
3513	
3447	
471	
334	
635	
3047	
1211	
3462	
3003	
1317	
3085	
2962	
1233	
1260	
454	
2971	
959	
3635	
2618	
626	
1790	
1128	
850	
2175	
1151	
2580	
519	
535	
2778	
933	
3427	
1144	
2315	
3730	
2399	
3612	
3724	
985	
1351	
2576	
3713	
3294	
40	
562	
2785	
910	
2009	
2173	
3682	
3561	
1315	
2266	
955	
1160	
891	
2938	
2308	
2986	
548	
3395	
2642	
2187	
2124	
1813	
2033	
2739	
3589	
1392	
2401	
229	
840	
2685	
2897	
1966	
2410	
731	
2669	
1785	
950	
3708	
3514	
2720	
3548	
2052	
1306	
2028	
3791	
65	
1061	
2231	
3303	
882	
2233	
2165	
1828	
699	
2578	
1265	
286	
2560	
1982	
3250	
414	
47	
3745	
3272	
2967	
2335	
589	
1015	
2814	
481	
107	
2486	
2525	
1969	
3205	
1167	
702	
3099	
2348	
3620	
1013	
3814	
608	
2014	
2332	
1423	
2096	
665	
466	
3134	
2995	
1556	
1411	
705	
533	
1372	
148	
995	
808	
2946	
3568	
1181	
490	
2624	
998	
19	
655	
1511	
1817	
1106	
1658	
3287	
3372	
3368	
980	
1953	
343	
3309	
455	
3720	
2459	
1918	
2383	
3468	
1814	
786	
578	
1841	
1789	
3604	
3768	
3845	
2491	
736	
1698	
3017	
3238	
3373	
834	
2197	
2262	
1780	
708	
2694	
1191	
1365	
3208	
1480	
1141	
2776	
2056	
112	
3797	
73	
1299	
3701	
1682	
161	
3083	
1595	
1807	
743	
1599	
3027	
889	
3637	
2826	
1930	
44	
756	
2134	
3470	
2408	
3799	
2016	
3600	
296	
1062	
3388	
3732	
2512	
1025	
683	
3507	
3125	
1021	
1709	
1304	
349	
1072	
658	
3155	
1631	
3362	
3559	
772	
2653	
734	
2849	
2019	
2581	
2746	
727	
739	
3712	
3829	
2787	
1839	
2229	
2698	
3656	
911	
3741	
477	
1630	
2466	
1359	
832	
3084	
3353	
3780	
246	
1094	
3271	
2238	
1397	
3505	
153	
831	
2925	
862	
755	
489	
3366	
3276	
2319	
1756	
2355	
1996	
2261	
372	
2274	
1866	
240	
3428	
87	
94	
0	
595	
16	
2975	
198	
666	
470	
958	
2948	
2623	
98	
963	
2513	
494	
2912	
3117	
3063	
403	
3338	
2478	
3103	
1586	
1646	
1468	
2163	
3753	
2816	
2155	
2020	
85	
2120	
3442	
1118	
782	
2468	
2448	
2037	
398	
2891	
2614	
3100	
1434	
1011	
1548	
1743	
1503	
1303	
1100	
1119	
1605	
1570	
1837	
2586	
810	
1197	
236	
2188	
3580	
3209	
1754	
751	
1888	
3021	
3819	
381	
3609	
1787	
2648	
1133	
2869	
1417	
388	
1726	
3801	
1555	
801	
1588	
2756	
3005	
1012	
419	
2326	
776	
3838	
649	
575	
1138	
3088	
1309	
2063	
2837	
491	
2071	
3777	
1610	
3337	
1842	
1747	
2709	
760	
802	
2236	
3576	
511	
2958	
825	
1755	
1452	
327	
241	
2181	
900	
1552	
3484	
3737	
3556	
2276	
1099	
1718	
2790	
154	
3504	
2149	
1120	
2046	
3343	
1665	
3129	
1812	
1258	
13	
3261	
3008	
3214	
2461	
2107	
479	
2939	
2553	
3558	
1537	
1131	
2549	
945	
2273	
2062	
1375	
1268	
2049	
1077	
2354	
1493	
2373	
1657	
3633	
267	
1622	
2762	
1778	
3041	
2474	
3786	
615	
3621	
599	
3227	
3766	
2858	
34	
1952	
707	
1723	
2671	
565	
37	
2035	
3274	
2612	
1180	
3340	
320	
3197	
3145	
2431	
1395	
1578	
1561	
2599	
1122	
842	
82	
618	
331	
72	
1882	
957	
348	
3755	
1063	
860	
1369	
1037	
1512	
180	
859	
1295	
232	
1519	
1087	
908	
501	
3410	
1444	
3284	
1715	
1483	
2567	
3533	
2367	
780	
1172	
278	
1652	
2887	
3581	
1222	
32	
1020	
140	
770	
2966	
2423	
1176	
2667	
3136	
1462	
3796	
1932	
2054	
3773	
858	
2330	
24	
2058	
2680	
3182	
1506	
1863	
1875	
2940	
2991	
1725	
1486	
892	
742	
2749	
3407	
3351	
370	
642	
143	
428	
3370	
1921	
210	
1108	
928	
144	
3335	
1811	
607	
1843	
170	
1680	
3403	
3812	
2828	
3715	
1388	
3808	
973	
2853	
2364	
1660	
720	
2590	
2226	
163	
2818	
2695	
819	
362	
2994	
2579	
110	
2838	
2690	
2862	
1202	
2583	
1158	
3727	
2139	
2911	
3215	
497	
2180	
219	
2176	
927	
3532	
1644	
3392	
3429	
1546	
1322	
2183	
3477	
3483	
634	
3359	
393	
188	
932	
1583	
2024	
1868	
169	
167	
1889	
2842	
1838	
1574	
3289	
1145	
2192	
69	
1615	
329	
3457	
2258	
2807	
2091	
1826	
433	
1870	
1029	
1296	
1876	
1544	
2740	
272	
3511	
3291	
1884	
3226	
3464	
953	
2432	
2292	
1590	
1269	
3595	
177	
2342	
2747	
3098	
558	
2810	
2945	
1345	
854	
3106	
1156	
1802	
1740	
413	
3833	
2783	
2283	
1424	
460	
1999	
496	
560	
3816	
3288	
1851	
1212	
248	
2968	
2199	
3141	
2996	
41	
2884	
3380	
2118	
1919	
2153	
3474	
1124	
1649	
1225	
3521	
3313	
2800	
1312	
214	
291	
1	
2956	
566	
1598	
2164	
1995	
3744	
2379	
515	
421	
2647	
280	
2353	
2613	
203	
2151	
2029	
2873	
763	
1730	
3408	
500	
2495	
1927	
1093	
1992	
3718	
701	
3806	
1627	
1978	
2632	
369	
3769	
805	
2301	
353	
3302	
767	
3318	
505	
3219	
3196	
438	
783	
549	
397	
409	
423	
287	
1294	
3154	
3251	
1941	
3543	
394	
2905	
2488	
3015	
2535	
1688	
716	
1071	
3139	
2722	
2005	
488	
748	
2438	
2384	
3719	
2425	
1366	
2128	
1531	
1940	
652	
15	
2397	
3316	
2554	
461	
851	
506	
3629	
1203	
1150	
3394	
3760	
2714	
2162	
1911	
2340	
3333	
1041	
870	
453	
18	
3118	
1896	
1564	
1001	
187	
389	
200	
2235	
2407	
1763	
111	
1946	
954	
676	
580	
1774	
3421	
2797	
2215	
2574	
528	
2780	
2440	
2280	
3296	
6	
661	
1609	
2821	
1950	
2202	
1871	
2809	
2524	
1532	
1554	
2886	
2801	
165	
1804	
1301	
1783	
3135	
866	
2434	
1818	
3170	
1188	
1653	
821	
1603	
3212	
456	
1696	
3492	
2616	
2317	
76	
771	
1808	
1262	
2112	
3122	
804	
1374	
880	
886	
3423	
106	
2582	
3709	
3789	
401	
1825	
2764	
1311	
2105	
3025	
2075	
3256	
1409	
2851	
2799	
1205	
1342	
3298	
2339	
1408	
1201	
2500	
2704	
3534	
3061	
1487	
3500	
2672	
766	
523	
3157	
310	
3632	
3825	
2876	
1547	
627	
811	
1236	
3728	
700	
826	
823	
1058	
1302	
3218	
3672	
1636	
3304	
2242	
2156	
2528	
2570	
1174	
993	
2879	
1137	
342	
2077	
2250	
1914	
1371	
2716	
2521	
120	
3554	
3216	
525	
2700	
2294	
2391	
2331	
3583	
2572	
1967	
2822	
3315	
1096	
640	
1196	
1263	
493	
579	
3064	
938	
1906	
3685	
1266	
1320	
1101	
1887	
2640	
1495	
3107	
2237	
31	
262	
2392	
260	
3811	
48	
3710	
3560	
10	
3186	
238	
164	
2540	
2805	
509	
1935	
2752	
1235	
914	
1735	
2973	
3097	
3450	
654	
2116	
561	
1210	
1067	
1596	
179	
446	
2320	
3029	
2178	
1686	
3285	
1030	
2475	
2420	
2751	
2072	
2300	
2984	
813	
2119	
1252	
3524	
264	
1956	
3314	
2485	
3237	
3693	
744	
305	
3655	
1394	
2302	
693	
2110	
1545	
3034	
2703	
570	
775	
2249	
51	
1380	
2544	
2264	
542	
1915	
3563	
1777	
3451	
798	
1970	
2852	
20	
2934	
2813	
2318	
3262	
2254	
311	
521	
2154	
1527	
617	
2611	
2646	
2625	
2073	
3301	
962	
2511	
2322	
3597	
2251	
2257	
1739	
2470	
8	
2314	
867	
234	
3647	
1794	
2471	
2766	
2999	
849	
2097	
1988	
1194	
1039	
3348	
1459	
582	
2974	
3116	
2040	
992	
686	
960	
2657	
753	
2377	
340	
2490	
996	
1524	
2417	
2418	
2681	
2444	
1054	
1182	
512	
2074	
919	
2411	
2566	
3243	
723	
468	
3038	
2930	
759	
263	
647	
93	
3158	
476	
2246	
2559	
293	
2558	
2443	
2472	
2219	
1377	
1637	
717	
1943	
1297	
2325	
1779	
3339	
3690	
1239	
768	
1641	
3455	
1761	
1198	
2060	
797	
2806	
3012	
3448	
2651	
2101	
2736	
26	
3075	
3626	
2102	
2555	
3217	
2903	
3113	
1859	
576	
1428	
3815	
2123	
1379	
2518	
946	
1129	
2135	
3229	
103	
1566	
1052	
3510	
3804	
3758	
2403	
392	
258	
1171	
1619	
3240	
190	
1897	
1117	
2959	
1104	
1572	
1103	
611	
3320	
2760	
2719	
1892	
2922	
1472	
2609	
2451	
257	
1393	
1659	
778	
3765	
1284	
3807	
2506	
2218	
2997	
3011	
792	
3249	
1341	
335	
3590	
940	
2346	
3605	
2585	
1540	
2328	
1968	
2220	
1256	
568	
2782	
2442	
3771	
3059	
126	
315	
2356	
746	
3189	
664	
2916	
3770	
764	
108	
555	
3459	
1770	
3164	
2666	
2463	
2190	
1508	
3022	
546	
89	
412	
1799	
1267	
3175	
2345	
3152	
3013	
2137	
3476	
3347	
2131	
3225	
1068	
3782	
1109	
2952	
2664	
3570	
2508	
1961	
3594	
2673	
3358	
2031	
3489	
2950	
1331	
1017	
1655	
3188	
3606	
2349	
820	
3244	
750	
3286	
3837	
3165	
2032	
1305	
3453	
799	
276	
2927	
3591	
2923	
2068	
2654	
3522	
228	
2316	
273	
588	
1551	
2304	
592	
2323	
2976	
1850	
943	
1090	
425	
1608	
1523	
1451	
1485	
650	
1550	
3747	
1344	
2288	
2415	
3614	
2857	
2327	
1281	
3491	
345	
1708	
1047	
3623	
573	
1611	
3292	
1223	
1538	
2902	
2753	
1691	
1858	
3069	
3748	
35	
1700	
3293	
1852	
3497	
1991	
137	
3091	
1426	
2239	
1522	
3654	
1690	
3376	
281	
90	
1607	
220	
139	
130	
2310	
1769	
1883	
1784	
3051	
2334	
3781	
1683	
2881	
2152	
1589	
452	
1023	
243	
1116	
3077	
3480	
1549	
2090	
926	
1396	
2824	
1984	
3056	
2021	
765	
2639	
659	
2600	
2969	
3144	
2604	
2527	
1008	
1958	
3173	
3466	
1701	
2908	
1261	
2457	
3149	
2748	
3409	
23	
1189	
3601	
1387	
773	
2366	
3436	
2662	
3131	
653	
3431	
1703	
2626	
486	
2868	
1429	
17	
1671	
1086	
50	
3776	
1987	
1437	
2575	
2917	
2426	
2827	
1515	
2569	
3402	
931	
2045	
907	
3150	
2705	
1757	
2594	
3750	
1056	
2114	
3254	
1782	
606	
2502	
2435	
2382	
3328	
3178	
1242	
3478	
3010	
2286	
3809	
3680	
3432	
1243	
3636	
1976	
2957	
1078	
1084	
1445	
3160	
290	
3306	
1226	
2910	
230	
1820	
612	
217	
1018	
725	
60	
2596	
1381	
1771	
3686	
1963	
1675	
1050	
3624	
92	
3516	
2941	
3024	
986	
3515	
3667	
3461	
2	
1402	
485	
632	
2641	
3577	
1945	
1862	
2607	
3664	
1563	
2629	
1925	
3330	
3393	
1048	
1036	
564	
583	
2386	
2166	
3258	
3705	
3643	
1169	
1901	
2428	
2230	
669	
1271	
3843	
233	
3722	
1251	
1245	
1752	
1292	
3346	
2030	
1798	
2504	
1898	
3065	
2088	
104	
878	
1406	
964	
1591	
1019	
3062	
1216	
942	
391	
2896	
1175	
1230	
1065	
1000	
1364	
982	
3438	
2248	
2424	
3573	
1759	
3555	
478	
2768	
2376	
226	
1517	
2676	
657	
3377	
2333	
2933	
292	
2841	
2036	
3551	
443	
709	
2921	
2307	
648	
1470	
2663	
2203	
1937	
2701	
3696	
125	
1994	
1902	
3053	
3044	
96	
3019	
2794	
2065	
1004	
1415	
2484	
3641	
45	
173	
100	
364	
1164	
2363	
1224	
3230	
3844	
2213	
2744	
2267	
1990	
1948	
2064	
3694	
465	
906	
3490	
2871	
2171	
3666	
182	
1713	
2350	
864	
2143	
3659	
3032	
2825	
2172	
1264	
3192	
2882	
2055	
3671	
547	
3793	
1535	
2875	
245	
1442	
3195	
3090	
3537	
378	
888	
3785	
2831	
3540	
2866	
1244	
1800	
1113	
3045	
1571	
2092	
2281	
2473	
656	
2829	
868	
3255	
1098	
2665	
2693	
2900	
3323	
577	
384	
459	
483	
1136	
2832	
3119	
2898	
587	
3001	
670	
2247	
3525	
1405	
3566	
1575	
7	
2548	
609	
3467	
610	
3221	
2191	
884	
3800	
1391	
3463	
571	
2271	
3575	
3703	
2649	
3176	
2859	
1177	
1112	
2812	
105	
2195	
1460	
1257	
3714	
1516	
869	
213	
3028	
3424	
3334	
487	
1541	
3552	
3398	
3572	
3259	
2543	
2955	
2469	
175	
2652	
1933	
2981	
2117	
1856	
1912	
1290	
1455	
3327	
2775	
2194	
3545	
2269	
2464	
3356	
1125	
885	
1980	
1143	
924	
2798	
2765	
3127	
1916	
563	
1162	
2042	
3587	
1450	
1530	
174	
1855	
1440	
247	
1585	
2928	
3488	
1854	
2817	
2017	
713	
2157	
1844	
209	
2225	
2404	
758	
2298	
297	
857	
3174	
1401	
830	
1742	
1038	
2282	
3267	
3841	
3527	
2627	
3386	
2204	
3146	
3503	
3652	
99	
2305	
3055	
3039	
3617	
312	
1951	
347	
2081	
1509	
3619	
1186	
2501	
1501	
2759	
1070	
1185	
517	
3352	
426	
2361	
1797	
1997	
218	
221	
1922	
616	
667	
733	
1334	
754	
211	
266	
3223	
1581	
1494	
1939	
2505	
2839	
1329	
1749	
2920	
337	
3657	
2542	
1612	
3639	
1454	
1905	
1184	
3004	
1979	
1447	
196	
462	
3761	
1874	
3269	
1075	
2728	
984	
2381	
2396	
3036	
554	
663	
3751	
3357	
88	
2536	
1594	
1139	
1647	
415	
344	
630	
3499	
2001	
3481	
835	
1643	
1287	
1670	
191	
1722	
1214	
1592	
1736	
1835	
1639	
2456	
2793	
2895	
1126	
1731	
2023	
2321	
3241	
1557	
3418	
621	
631	
2982	
11	
2066	
1491	
473	
543	
822	
1384	
3104	
784	
3622	
3783	
1466	
3675	
138	
761	
2253	
3300	
208	
2000	
877	
3406	
2395	
43	
1534	
2735	
3611	
536	
1758	
856	
2854	
2289	
9	
59	
3803	
3434	
225	
3502	
2954	
1972	
3445	
3067	
2374	
86	
2943	
890	
1327	
935	
929	
3549	
2278	
3550	
876	
3687	
3630	
3324	
3310	
1390	
3634	
3465	
1861	
1231	
2591	
1648	
2196	
1343	
1977	
1689	
227	
1313	
3169	
1830	
146	
3365	
355	
2568	
3749	
1926	
2523	
1663	
624	
1890	
2835	
1900	
1081	
1009	
2675	
2989	
3268	
2856	
2533	
2427	
1419	
1542	
1815	
3735	
3151	
1123	
1319	
1073	
1414	
495	
2791	
881	
2256	
1386	
947	
513	
1033	
1298	
2255	
2610	
1161	
1504	
3681	
1291	
994	
1760	
1677	
3341	
2115	
1121	
1809	
1908	
2287	
1822	
1716	
3224	
3253	
1666	
544	
2352	
3138	
1477	
2268	
937	
845	
991	
172	
3828	
1604	
590	
3805	
2224	
3081	
1368	
3826	
2530	
941	
863	
1005	
2965	
3420	
1568	
569	
1593	
1478	
2499	
939	
2048	
3531	
2185	
1533	
3057	
216	
3203	
3270	
3018	
2589	
1878	
703	
2004	
522	
1712	
467	
1514	
1577	
3472	
2702	
2644	
97	
2012	
2476	
1732	
975	
367	
2369	
3148	
2617	
365	
3299	
3642	
1170	
1490	
3207	
3050	
352	
2041	
2413	
1867	
689	
2545	
1934	
201	
1621	
3105	
532	
158	
1528	
3319	
1272	
2480	
2907	
3835	
2027	
3790	
2003	
3726	
812	
1869	
2375	
1382	
3574	
1410	
330	
966	
1398	
2240	
275	
1200	
711	
3277	
2899	
2303	
5	
2198	
3308	
2477	
1746	
1717	
692	
3101	
3842	
2145	
1199	
1219	
1667	
1498	
762	
3210	
3593	
2571	
1857	
2932	
2587	
1168	
2538	
903	
1418	
1446	
3202	
132	
1507	
2299	
2169	
2815	
2863	
1275	
1028	
1282	
3700	
1539	
925	
1253	
3361	
3627	
431	
2777	
2446	
2889	
952	
836	
2087	
2439	
3810	
3697	
3834	
1801	
2935	
1938	
3435	
3130	
3082	
3247	
256	
3213	
1250	
3385	
1853	
1049	
2067	
259	
2980	
2393	
2659	
968	
2388	
1518	
1640	
3414	
3124	
848	
3437	
3638	
224	
2763	
1286	
3236	
1484	
3615	
1316	
1076	
222	
3072	
752	
970	
1456	
300	
439	
1217	
1336	
2909	
2489	
3070	
2007	
2729	
2133	
1791	
1626	
2846	
503	
1314	
1055	
1971	
338	
3413	
3389	
255	
3371	
1195	
302	
2025	
3679	
2929	
2284	
922	
3683	
2522	
2855	
2503	
639	
559	
3820	
918	
1432	
1373	
972	
1027	
3322	
3	
2498	
2406	
1520	
1795	
1060	
833	
482	
680	
3239	
3824	
2755	
1687	
3278	
162	
1673	
2532	
1543	
2601	
1420	
507	
1721	
3073	
3651	
930	
2061	
3704	
2541	
3756	
289	
2645	
2985	
1832	
3674	
3252	
921	
1132	
1178	
2834	
1947	
2291	
3283	
3281	
1147	
3839	
1727	
1745	
3336	
2059	
3383	
1903	
3181	
1165	
1565	
1457	
2754	
2290	
2885	
1481	
1650	
27	
3818	
3493	
323	
596	
1728	
2140	
3541	
317	
3096	
704	
1064	
268	
42	
3764	
2433	
1668	
1964	
3662	
3698	
2773	
185	
2103	
1775	
1080	
915	
2931	
3684	
2947	
3089	
3731	
3536	
1482	
2796	
2492	
2365	
3736	
690	
518	
965	
1679	
3506	
2447	
1499	
2628	
1714	
3257	
2992	
526	
828	
2937	
2347	
285	
3201	
2850	
3142	
3649	
694	
2108	
3305	
714	
1823	
346	
2002	
3553	
3033	
1288	
2445	
1949	
2182	
3711	
3618	
3037	
2687	
971	
1318	
3482	
1471	
1986	
3112	
2385	
874	
1350	
1274	
1899	
872	
309	
2691	
732	
318	
1354	
2228	
1929	
2170	
3171	
3329	
1879	
1083	
3168	
3658	
3734	
2168	
3326	
691	
2158	
3707	
1134	
1289	
3571	
2496	
336	
2988	
1215	
1088	
3456	
1166	
1628	
3415	
3102	
3846	
3847	
3848	
3849	
3850	
3851	
3852	
3853	
3854	
3855	
3856	
3857	
3858	
3859	
3860	
3861	
3862	
3863	
3864	
3865	
3866	
3867	
3868	
3869	
3870	
3871	
3872	
3873	
3874	
3875	
3876	
3877	
3878	
3879	
3880	
3881	
3882	
3883	
3884	
3885	
3886	
3887	
3888	
3889	
3890	
3891	
3892	
3893	
3894	
3895	
3896	
3897	
3898	
3899	
3900	
3901	
3902	
3903	
3904	
3905	
3906	
3907	
3908	
3909	
3910	
3911	
3912	
3913	
3914	
3915	
3916	
3917	
3918	
3919	
3920	
3921	
3922	
3923	
3924	
3925	
3926	
3927	
3928	
3929	
3930	
3931	
3932	
3933	
3934	
3935	
3936	
3937	
3938	
3939	
3940	
3941	
3942	
3943	
3944	
3945	
3946	
3947	
3948	
3949	
3950	
3951	
3952	
3953	
3954	
3955	
3956	
3957	
3958	
3959	
3960	
3961	
3962	
3963	
3964	
3965	
3966	
3967	
3968	
3969	
3970	
3971	
3972	
3973	
3974	
3975	
3976	
3977	
3978	
3979	
3980	
3981	
3982	
3983	
3984	
3985	
3986	
3987	
3988	
3989	
3990	
3991	
3992	
3993	
3994	
3995	
3996	
3997	
3998	
3999	
4000	
4001	
4002	
4003	
4004	
4005	
4006	
4007	
4008	
4009	
4010	
4011	
4012	
4013	
4014	
4015	
4016	
4017	
4018	
4019	
4020	
4021	
4022	
4023	
4024	
4025	
4026	
4027	
4028	
4029	
4030	
4031	
4032	
4033	
4034	
4035	
4036	
4037	
4038	
4039	
4040	
4041	
4042	
4043	
4044	
4045	
4046	
4047	
4048	
4049	
4050	
4051	
4052	
4053	
4054	
4055	
4056	
4057	
4058	
4059	
4060	
4061	
4062	
4063	
4064	
4065	
4066	
4067	
4068	
4069	
4070	
4071	
4072	
4073	
4074	
4075	
4076	
4077	
4078	
4079	
4080	
4081	
4082	
4083	
4084	
4085	
4086	
4087	
4088	
4089	
4090	
4091	
4092	
4093	
4094	
4095	
4096	
4097	
4098	
4099	
4100	
4101	
4102	
4103	
4104	
4105	
4106	
4107	
4108	
4109	
4110	
4111	
4112	
4113	
4114	
4115	
4116	
4117	
4118	
4119	
4120	
4121	
4122	
4123	
4124	
4125	
4126	
4127	
4128	
4129	
4130	
4131	
4132	
4133	
4134	
4135	
4136	
4137	
4138	
4139	
4140	
4141	
4142	
4143	
4144	
4145	
4146	
4147	
4148	
4149	
4150	
4151	
4152	
4153	
4154	
4155	
4156	
4157	
4158	
4159	
4160	
4161	
4162	
4163	
4164	
4165	
4166	
4167	
4168	
4169	
4170	
4171	
4172	
4173	
4174	
4175	
4176	
4177	
4178	
4179	
4180	
4181	
4182	
4183	
4184	
4185	
4186	
4187	
4188	
4189	
4190	
4191	
4192	
4193	
4194	
4195	
4196	
4197	
4198	
4199	
4200	
4201	
4202	
4203	
4204	
4205	
4206	
4207	
4208	
4209	
4210	
4211	
4212	
4213	
4214	
4215	
4216	
4217	
4218	
4219	
4220	
4221	
4222	
4223	
4224	
4225	
4226	
4227	
4228	
4229	
4230	
4231	
4232	
4233	
4234	
4235	
4236	
4237	
4238	
4239	
4240	
4241	
4242	
4243	
4244	
4245	
4246	
4247	
4248	
4249	
4250	
4251	
4252	
4253	
4254	
4255	
4256	
4257	
4258	
4259	
4260	
4261	
4262	
4263	
4264	
4265	
4266	
4267	
4268	
4269	
4270	
4271	
4272	
4273	
4274	
4275	
4276	
4277	
4278	
4279	
4280	
4281	
4282	
4283	
4284	
4285	
4286	
4287	
4288	
4289	
4290	
4291	
4292	
4293	
4294	
4295	
4296	
4297	
4298	
4299	
4300	
4301	
4302	
4303	
4304	
4305	
4306	
4307	
4308	
4309	
4310	
4311	
4312	
4313	
4314	
4315	
4316	
4317	
4318	
4319	
4320	
4321	
4322	
4323	
4324	
4325	
4326	
4327	
4328	
4329	
4330	
4331	
4332	
4333	
4334	
4335	
4336	
4337	
4338	
4339	
4340	
4341	
4342	
4343	
4344	
4345	
4346	
4347	
4348	
4349	
4350	
4351	
4352	
4353	
4354	
4355	
4356	
4357	
4358	
4359	
4360	
4361	
4362	
4363	
4364	
4365	
4366	
4367	
4368	
4369	
4370	
4371	
4372	
4373	
4374	
4375	
4376	
4377	
4378	
4379	
4380	
4381	
4382	
4383	
4384	
4385	
4386	
4387	
4388	
4389	
4390	
4391	
4392	
4393	
4394	
4395	
4396	
4397	
4398	
4399	
4400	
4401	
4402	
4403	
4404	
4405	
4406	
4407	
4408	
4409	
4410	
4411	
4412	
4413	
4414	
4415	
4416	
4417	
4418	
4419	
4420	
4421	
4422	
4423	
4424	
4425	
4426	
4427	
4428	
4429	
4430	
4431	
4432	
4433	
4434	
4435	
4436	
4437	
4438	
4439	
4440	
4441	
4442	
4443	
4444	
4445	
4446	
4447	
4448	
4449	
4450	
4451	
4452	
4453	
4454	
4455	
4456	
4457	
4458	
4459	
4460	
4461	
4462	
4463	
4464	
4465	
4466	
4467	
4468	
4469	
4470	
4471	
4472	
4473	
4474	
4475	
4476	
4477	
4478	
4479	
4480	
4481	
4482	
4483	
4484	
4485	
4486	
4487	
4488	
4489	
4490	
4491	
4492	
4493	
4494	
4495	
4496	
4497	
4498	
4499	
4500	
4501	
4502	
4503	
4504	
4505	
4506	
4507	
4508	
4509	
4510	
4511	
4512	
4513	
4514	
4515	
4516	
4517	
4518	
4519	
4520	
4521	
4522	
4523	
4524	
4525	
4526	
4527	
4528	
4529	
4530	
4531	
4532	
4533	
4534	
4535	
4536	
4537	
4538	
4539	
4540	
4541	
4542	
4543	
4544	
4545	
4546	
4547	
4548	
4549	
4550	
4551	
4552	
4553	
4554	
4555	
4556	
4557	
4558	
4559	
4560	
4561	
4562	
4563	
4564	
4565	
4566	
4567	
4568	
4569	
4570	
4571	
4572	
4573	
4574	
4575	
4576	
4577	
4578	
4579	
4580	
4581	
4582	
4583	
4584	
4585	
4586	
4587	
4588	
4589	
4590	
4591	
4592	
4593	
4594	
4595	
4596	
4597	
4598	
4599	
4600	
4601	
4602	
4603	
4604	
4605	
4606	
4607	
4608	
4609	
4610	
4611	
4612	
4613	
4614	
4615	
4616	
4617	
4618	
4619	
4620	
4621	
4622	
4623	
4624	
4625	
4626	
4627	
4628	
4629	
4630	
4631	
4632	
4633	
4634	
4635	
4636	
4637	
4638	
4639	
4640	
4641	
4642	
4643	
4644	
4645	
4646	
4647	
4648	
4649	
4650	
4651	
4652	
4653	
4654	
4655	
4656	
4657	
4658	
4659	
4660	
4661	
4662	
4663	
4664	
4665	
4666	
4667	
4668	
4669	
4670	
4671	
4672	
4673	
4674	
4675	
4676	
4677	
4678	
4679	
4680	
4681	
4682	
4683	
4684	
4685	
4686	
4687	
4688	
4689	
4690	
4691	
4692	
4693	
4694	
4695	
4696	
4697	
4698	
4699	
4700	
4701	
4702	
4703	
4704	
4705	
4706	
4707	
4708	
4709	
4710	
4711	
4712	
4713	
4714	
4715	
4716	
4717	
4718	
4719	
4720	
4721	
4722	
4723	
4724	
4725	
4726	
4727	
4728	
4729	
4730	
4731	
4732	
4733	
4734	
4735	
4736	
4737	
4738	
4739	
4740	
4741	
4742	
4743	
4744	
4745	
4746	
4747	
4748	
4749	
4750	
4751	
4752	
4753	
4754	
4755	
4756	
4757	
4758	
4759	
4760	
4761	
4762	
4763	
4764	
4765	
4766	
4767	
4768	
4769	
4770	
4771	
4772	
4773	
4774	
4775	
4776	
4777	
4778	
4779	
4780	
4781	
4782	
4783	
4784	
4785	
4786	
4787	
4788	
4789	
4790	
4791	
4792	
4793	
4794	
4795	
4796	
4797	
4798	
4799	
4800	
4801	
4802	
4803	
4804	
4805	
4806	
4807	
4808	
4809	
4810	
4811	
4812	
4813	
4814	
4815	
4816	
4817	
4818	
4819	
4820	
4821	
4822	
4823	
4824	
4825	
4826	
4827	
4828	
4829	
4830	
4831	
4832	
4833	
4834	
4835	
4836	
4837	
4838	
4839	
4840	
4841	
4842	
4843	
4844	
4845	
4846	
4847	
4848	
4849	
4850	
4851	
4852	
4853	
4854	
4855	
4856	
4857	
4858	
4859	
4860	
4861	
4862	
4863	
4864	
4865	
4866	
4867	
4868	
4869	
4870	
4871	
4872	
4873	
4874	
4875	
4876	
4877	
4878	
4879	
4880	
4881	
4882	
4883	
4884	
4885	
4886	
4887	
4888	
4889	
4890	
4891	
4892	
4893	
4894	
4895	
4896	
4897	
4898	
4899	
4900	
4901	
4902	
4903	
4904	
4905	
4906	
4907	
4908	
4909	
4910	
4911	
4912	
4913	
4914	
4915	
4916	
4917	
4918	
4919	
4920	
4921	
4922	
4923	
4924	
4925	
4926	
4927	
4928	
4929	
4930	
4931	
4932	
4933	
4934	
4935	
4936	
4937	
4938	
4939	
4940	
4941	
4942	
4943	
4944	
4945	
4946	
4947	
4948	
4949	
4950	
4951	
4952	
4953	
4954	
4955	
4956	
4957	
4958	
4959	
4960	
4961	
4962	
4963	
4964	
4965	
4966	
4967	
4968	
4969	
4970	
4971	
4972	
4973	
4974	
4975	
4976	
4977	
4978	
4979	
4980	
4981	
4982	
4983	
4984	
4985	
4986	
4987	
4988	
4989	
4990	
4991	
4992	
4993	
4994	
4995	
4996	
4997	
4998	
4999	
5000	
5001	
5002	
5003	
5004	
5005	
5006	
5007	
5008	
5009	
5010	
5011	
5012	
5013	
5014	
5015	
5016	
5017	
5018	
5019	
5020	
5021	
5022	
5023	
5024	
5025	
5026	
5027	
5028	
5029	
5030	
5031	
5032	
5033	
5034	
5035	
5036	
5037	
5038	
5039	
5040	
5041	
5042	
5043	
5044	
5045	
5046	
5047	
5048	
5049	
5050	
5051	
5052	
5053	
5054	
5055	
5056	
5057	
5058	
5059	
5060	
5061	
5062	
5063	
5064	
5065	
5066	
5067	
5068	
5069	
5070	
5071	
5072	
5073	
5074	
5075	
5076	
5077	
5078	
5079	
5080	
5081	
5082	
5083	
5084	
5085	
5086	
5087	
5088	
5089	
5090	
5091	
5092	
5093	
5094	
5095	
5096	
5097	
5098	
5099	
5100	
5101	
5102	
5103	
5104	
5105	
5106	
5107	
5108	
5109	
5110	
5111	
5112	
5113	
5114	
5115	
5116	
5117	
5118	
5119	
5120	
5121	
5122	
5123	
5124	
5125	
5126	
5127	
5128	
5129	
5130	
5131	
5132	
5133	
5134	
5135	
5136	
5137	
5138	
5139	
5140	
5141	
5142	
5143	
5144	
5145	
5146	
5147	
5148	
5149	
5150	
5151	
5152	
5153	
5154	
5155	
5156	
5157	
5158	
5159	
5160	
5161	
5162	
5163	
5164	
5165	
5166	
5167	
5168	
5169	
5170	
5171	
5172	
5173	
5174	
5175	
5176	
5177	
5178	
5179	
5180	
5181	
5182	
5183	
5184	
5185	
5186	
5187	
5188	
5189	
5190	
5191	
5192	
5193	
5194	
5195	
5196	
5197	
5198	
5199	
5200	
5201	
5202	
5203	
5204	
5205	
5206	
5207	
5208	
5209	
5210	
5211	
5212	
5213	
5214	
5215	
5216	
5217	
5218	
5219	
5220	
5221	
5222	
5223	
5224	
5225	
5226	
5227	
5228	
5229	
5230	
5231	
5232	
5233	
5234	
5235	
5236	
5237	
5238	
5239	
5240	
5241	
5242	
5243	
5244	
5245	
5246	
5247	
5248	
5249	
5250	
5251	
5252	
5253	
5254	
5255	
5256	
5257	
5258	
5259	
5260	
5261	
5262	
5263	
5264	
5265	
5266	
5267	
5268	
5269	
5270	
5271	
5272	
5273	
5274	
5275	
5276	
5277	
5278	
5279	
5280	
5281	
5282	
5283	
5284	
5285	
5286	
5287	
5288	
5289	
5290	
5291	
5292	
5293	
5294	
5295	
5296	
5297	
5298	
5299	
5300	
5301	
5302	
5303	
5304	
5305	
5306	
5307	
5308	
5309	
5310	
5311	
5312	
5313	
5314	
5315	
5316	
5317	
5318	
5319	
5320	
5321	
5322	
5323	
5324	
5325	
5326	
5327	
5328	
5329	
5330	
5331	
5332	
5333	
5334	
5335	
5336	
5337	
5338	
5339	
5340	
5341	
5342	
5343	
5344	
5345	
5346	
5347	
5348	
5349	
5350	
5351	
5352	
5353	
5354	
5355	
5356	
5357	
5358	
5359	
5360	
5361	
5362	
5363	
5364	
5365	
5366	
5367	
5368	
5369	
5370	
5371	
5372	
5373	
5374	
5375	
5376	
5377	
5378	
5379	
5380	
5381	
5382	
5383	
5384	
5385	
5386	
5387	
5388	
5389	
5390	
5391	
5392	
5393	
5394	
5395	
5396	
5397	
5398	
5399	
5400	
5401	
5402	
5403	
5404	
5405	
5406	
5407	
5408	
5409	
5410	
5411	
5412	
5413	
5414	
5415	
5416	
5417	
5418	
5419	
5420	
5421	
5422	
5423	
5424	
5425	
5426	
5427	
5428	
5429	
5430	
5431	
5432	
5433	
5434	
5435	
5436	
5437	
5438	
5439	
5440	
5441	
5442	
5443	
5444	
5445	
5446	
5447	
5448	
5449	
5450	
5451	
5452	
5453	
5454	
5455	
5456	
5457	
5458	
5459	
5460	
5461	
5462	
5463	
5464	
5465	
5466	
5467	
5468	
5469	
5470	
5471	
5472	
5473	
5474	
5475	
5476	
5477	
5478	
5479	
5480	
5481	
5482	
5483	
5484	
5485	
5486	
5487	
5488	
5489	
5490	
5491	
5492	
5493	
5494	
5495	
5496	
5497	
5498	
5499	
5500	
5501	
5502	
5503	
5504	
5505	
5506	
5507	
5508	
5509	
5510	
5511	
5512	
5513	
5514	
5515	
5516	
5517	
5518	
5519	
5520	
5521	
5522	
5523	
5524	
5525	
5526	
5527	
5528	
5529	
5530	
5531	
5532	
5533	
5534	
5535	
5536	
5537	
5538	
5539	
5540	
5541	
5542	
5543	
5544	
5545	
5546	
5547	
5548	
5549	
5550	
5551	
5552	
5553	
5554	
5555	
5556	
5557	
5558	
5559	
5560	
5561	
5562	
5563	
5564	
5565	
5566	
5567	
5568	
5569	
5570	
5571	
5572	
5573	
5574	
5575	
5576	
5577	
5578	
5579	
5580	
5581	
5582	
5583	
5584	
5585	
5586	
5587	
5588	
5589	
5590	
5591	
5592	
5593	
5594	
5595	
5596	
5597	
5598	
5599	
5600	
5601	
5602	
5603	
5604	
5605	
5606	
5607	
5608	
5609	
5610	
5611	
5612	
5613	
5614	
5615	
5616	
5617	
5618	
5619	
5620	
5621	
5622	
5623	
5624	
5625	
5626	
5627	
5628	
5629	
5630	
5631	
5632	
5633	
5634	
5635	
5636	
5637	
5638	
5639	
5640	
5641	
5642	
5643	
5644	
5645	
5646	
5647	
5648	
5649	
5650	
5651	
5652	
5653	
5654	
5655	
5656	
5657	
5658	
5659	
5660	
5661	
5662	
5663	
5664	
5665	
5666	
5667	
5668	
5669	
5670	
5671	
5672	
5673	
5674	
5675	
5676	
5677	
5678	
5679	
5680	
5681	
5682	
5683	
5684	
5685	
5686	
5687	
5688	
5689	
5690	
5691	
5692	
5693	
5694	
5695	
5696	
5697	
5698	
5699	
5700	
5701	
5702	
5703	
5704	
5705	
5706	
5707	
5708	
5709	
5710	
5711	
5712	
5713	
5714	
5715	
5716	
5717	
5718	
5719	
5720	
5721	
5722	
5723	
5724	
5725	
5726	
5727	
5728	
5729	
5730	
5731	
5732	
5733	
5734	
5735	
5736	
5737	
5738	
5739	
5740	
5741	
5742	
5743	
5744	
5745	
5746	
5747	
5748	
5749	
5750	
5751	
5752	
5753	
5754	
5755	
5756	
5757	
5758	
5759	
5760	
5761	
5762	
5763	
5764	
5765	
5766	
5767	
5768	
5769	
5770	
5771	
5772	
5773	
5774	
5775	
5776	
5777	
5778	
5779	
5780	
5781	
5782	
5783	
5784	
5785	
5786	
5787	
5788	
5789	
5790	
5791	
5792	
5793	
5794	
5795	
5796	
5797	
5798	
5799	
5800	
5801	
5802	
5803	
5804	
5805	
5806	
5807	
5808	
5809	
5810	
5811	
5812	
5813	
5814	
5815	
5816	
5817	
5818	
5819	
5820	
5821	
5822	
5823	
5824	
5825	
5826	
5827	
5828	
5829	
5830	
5831	
5832	
5833	
5834	
5835	
5836	
5837	
5838	
5839	
5840	
5841	
5842	
5843	
5844	
5845	
5846	
5847	
5848	
5849	
5850	
5851	
5852	
5853	
5854	
5855	
5856	
5857	
5858	
5859	
5860	
5861	
5862	
5863	
5864	
5865	
5866	
5867	
5868	
5869	
5870	
5871	
5872	
5873	
5874	
5875	
5876	
5877	
5878	
5879	
5880	
5881	
5882	
5883	
5884	
5885	
5886	
5887	
5888	
5889	
5890	
5891	
5892	
5893	
5894	
5895	
5896	
5897	
5898	
5899	
5900	
5901	
5902	
5903	
5904	
5905	
5906	
5907	
5908	
5909	
5910	
5911	
5912	
5913	
5914	
5915	
5916	
5917	
5918	
5919	
5920	
5921	
5922	
5923	
5924	
5925	
5926	
5927	
5928	
5929	
5930	
5931	
5932	
5933	
5934	
5935	
5936	
5937	
5938	
5939	
5940	
5941	
5942	
5943	
5944	
5945	
5946	
5947	
5948	
5949	
5950	
5951	
5952	
5953	
5954	
5955	
5956	
5957	
5958	
5959	
5960	
5961	
5962	
5963	
5964	
5965	
5966	
5967	
5968	
5969	
5970	
5971	
5972	
5973	
5974	
5975	
5976	
5977	
5978	
5979	
5980	
5981	
5982	
5983	
5984	
5985	
5986	
5987	
5988	
5989	
5990	
5991	
5992	
5993	
5994	
5995	
5996	
5997	
5998	
5999	
6000	
6001	
6002	
6003	
6004	
6005	
6006	
6007	
6008	
6009	
6010	
6011	
6012	
6013	
6014	
6015	
6016	
6017	
6018	
6019	
6020	
6021	
6022	
6023	
6024	
6025	
6026	
6027	
6028	
6029	
6030	
6031	
6032	
6033	
6034	
6035	
6036	
6037	
6038	
6039	
6040	
6041	
6042	
6043	
6044	
6045	
6046	
6047	
6048	
6049	
6050	
6051	
6052	
6053	
6054	
6055	
6056	
6057	
6058	
6059	
6060	
6061	
6062	
6063	
6064	
6065	
6066	
6067	
6068	
6069	
6070	
6071	
6072	
6073	
6074	
6075	
6076	
6077	
6078	
6079	
6080	
6081	
6082	
6083	
6084	
6085	
6086	
6087	
6088	
6089	
6090	
6091	
6092	
6093	
6094	
6095	
6096	
6097	
6098	
6099	
6100	
6101	
6102	
6103	
6104	
6105	
6106	
6107	
6108	
6109	
6110	
6111	
6112	
6113	
6114	
6115	
6116	
6117	
6118	
6119	
6120	
6121	
6122	
6123	
6124	
6125	
6126	
6127	
6128	
6129	
6130	
6131	
6132	
6133	
6134	
6135	
6136	
6137	
6138	
6139	
6140	
6141	
6142	
6143	
6144	
6145	
6146	
6147	
6148	
6149	
6150	
6151	
6152	
6153	
6154	
6155	
6156	
6157	
6158	
6159	
6160	
6161	
6162	
6163	
6164	
6165	
6166	
6167	
6168	
6169	
6170	
6171	
6172	
6173	
6174	
6175	
6176	
6177	
6178	
6179	
6180	
6181	
6182	
6183	
6184	
6185	
6186	
6187	
6188	
6189	
6190	
6191	
6192	
6193	
6194	
6195	
6196	
6197	
6198	
6199	
6200	
6201	
6202	
6203	
6204	
6205	
6206	
6207	
6208	
6209	
6210	
6211	
6212	
6213	
6214	
6215	
6216	
6217	
6218	
6219	
6220	
6221	
6222	
6223	
6224	
6225	
6226	
6227	
6228	
6229	
6230	
6231	
6232	
6233	
6234	
6235	
6236	
6237	
6238	
6239	
6240	
6241	
6242	
6243	
6244	
6245	
6246	
6247	
6248	
6249	
6250	
6251	
6252	
6253	
6254	
6255	
6256	
6257	
6258	
6259	
6260	
6261	
6262	
6263	
6264	
6265	
6266	
6267	
6268	
6269	
6270	
6271	
6272	
6273	
6274	
6275	
6276	
6277	
6278	
6279	
6280	
6281	
6282	
6283	
6284	
6285	
6286	
6287	
6288	
6289	
6290	
6291	
6292	
6293	
6294	
6295	
6296	
6297	
6298	
6299	
6300	
6301	
6302	
6303	
6304	
6305	
6306	
6307	
6308	
6309	
6310	
6311	
6312	
6313	
6314	
6315	
6316	
6317	
6318	
6319	
6320	
6321	
6322	
6323	
6324	
6325	
6326	
6327	
6328	
6329	
6330	
6331	
6332	
6333	
6334	
6335	
6336	
6337	
6338	
6339	
6340	
6341	
6342	
6343	
6344	
6345	
6346	
6347	
6348	
6349	
6350	
6351	
6352	
6353	
6354	
6355	
6356	
6357	
6358	
6359	
6360	
6361	
6362	
6363	
6364	
6365	
6366	
6367	
6368	
6369	
6370	
6371	
6372	
6373	
6374	
6375	
6376	
6377	
6378	
6379	
6380	
6381	
6382	
6383	
6384	
6385	
6386	
6387	
6388	
6389	
6390	
6391	
6392	
6393	
6394	
6395	
6396	
6397	
6398	
6399	
6400	
6401	
6402	
6403	
6404	
6405	
6406	
6407	
6408	
6409	
6410	
6411	
6412	
6413	
6414	
6415	
6416	
6417	
6418	
6419	
6420	
6421	
6422	
6423	
6424	
6425	
6426	
6427	
6428	
6429	
6430	
6431	
6432	
6433	
6434	
6435	
6436	
6437	
6438	
6439	
6440	
6441	
6442	
6443	
6444	
6445	
6446	
6447	
6448	
6449	
6450	
6451	
6452	
6453	
6454	
6455	
6456	
6457	
6458	
6459	
6460	
6461	
6462	
6463	
6464	
6465	
6466	
6467	
6468	
6469	
6470	
6471	
6472	
6473	
6474	
6475	
6476	
6477	
6478	
6479	
6480	
6481	
6482	
6483	
6484	
6485	
6486	
6487	
6488	
6489	
6490	
6491	
6492	
6493	
6494	
6495	
6496	
6497	
6498	
6499	
6500	
6501	
6502	
6503	
6504	
6505	
6506	
6507	
6508	
6509	
6510	
6511	
6512	
6513	
6514	
6515	
6516	
6517	
6518	
6519	
6520	
6521	
6522	
6523	
6524	
6525	
6526	
6527	
6528	
6529	
6530	
6531	
6532	
6533	
6534	
6535	
6536	
6537	
6538	
6539	
6540	
6541	
6542	
6543	
6544	
6545	
6546	
6547	
6548	
6549	
6550	
6551	
6552	
6553	
6554	
6555	
6556	
6557	
6558	
6559	
6560	
6561	
6562	
6563	
6564	
6565	
6566	
6567	
6568	
6569	
6570	
6571	
6572	
6573	
6574	
6575	
6576	
6577	
6578	
6579	
6580	
6581	
6582	
6583	
6584	
6585	
6586	
6587	
6588	
6589	
6590	
6591	
6592	
6593	
6594	
6595	
6596	
6597	
6598	
6599	
6600	
6601	
6602	
6603	
6604	
6605	
6606	
6607	
6608	
6609	
6610	
6611	
6612	
6613	
6614	
6615	
6616	
6617	
6618	
6619	
6620	
6621	
6622	
6623	
6624	
6625	
6626	
6627	
6628	
6629	
6630	
6631	
6632	
6633	
6634	
6635	
6636	
6637	
6638	
6639	
6640	
6641	
6642	
6643	
6644	
6645	
6646	
6647	
6648	
6649	
6650	
6651	
6652	
6653	
6654	
6655	
6656	
6657	
6658	
6659	
6660	
6661	
6662	
6663	
6664	
6665	
6666	
6667	
6668	
6669	
6670	
6671	
6672	
6673	
6674	
6675	
6676	
6677	
6678	
6679	
6680	
6681	
6682	
6683	
6684	
6685	
6686	
6687	
6688	
6689	
6690	
6691	
6692	
6693	
6694	
6695	
6696	
6697	
6698	
6699	
6700	
6701	
6702	
6703	
6704	
6705	
6706	
6707	
6708	
6709	
6710	
6711	
6712	
6713	
6714	
6715	
6716	
6717	
6718	
6719	
6720	
6721	
6722	
6723	
6724	
6725	
6726	
6727	
6728	
6729	
6730	
6731	
6732	
6733	
6734	
6735	
6736	
6737	
6738	
6739	
6740	
6741	
6742	
6743	
6744	
6745	
6746	
6747	
6748	
6749	
6750	
6751	
6752	
6753	
6754	
6755	
6756	
6757	
6758	
6759	
6760	
6761	
6762	
6763	
6764	
6765	
6766	
6767	
6768	
6769	
6770	
6771	
6772	
6773	
6774	
6775	
6776	
6777	
6778	
6779	
6780	
6781	
6782	
6783	
6784	
6785	
6786	
6787	
6788	
6789	
6790	
6791	
6792	
6793	
6794	
6795	
6796	
6797	
6798	
6799	
6800	
6801	
6802	
6803	
6804	
6805	
6806	
6807	
6808	
6809	
6810	
6811	
6812	
6813	
6814	
6815	
6816	
6817	
6818	
6819	
6820	
6821	
6822	
6823	
6824	
6825	
6826	
6827	
6828	
6829	
6830	
6831	
6832	
6833	
6834	
6835	
6836	
6837	
6838	
6839	
6840	
6841	
6842	
6843	
6844	
6845	
6846	
6847	
6848	
6849	
6850	
6851	
6852	
6853	
6854	
6855	
6856	
6857	
6858	
6859	
6860	
6861	
6862	
6863	
6864	
6865	
6866	
6867	
6868	
6869	
6870	
6871	
6872	
6873	
6874	
6875	
6876	
6877	
6878	
6879	
6880	
6881	
6882	
6883	
6884	
6885	
6886	
6887	
6888	
6889	
6890	
6891	
6892	
6893	
6894	
6895	
6896	
6897	
6898	
6899	
6900	
6901	
6902	
6903	
6904	
6905	
6906	
6907	
6908	
6909	
6910	
6911	
6912	
6913	
6914	
6915	
6916	
6917	
6918	
6919	
6920	
6921	
6922	
6923	
6924	
6925	
6926	
6927	
6928	
6929	
6930	
6931	
6932	
6933	
6934	
6935	
6936	
6937	
6938	
6939	
6940	
6941	
6942	
6943	
6944	
6945	
6946	
6947	
6948	
6949	
6950	
6951	
6952	
6953	
6954	
6955	
6956	
6957	
6958	
6959	
6960	
6961	
6962	
6963	
6964	
6965	
6966	
6967	
6968	
6969	
6970	
6971	
6972	
6973	
6974	
6975	
6976	
6977	
6978	
6979	
6980	
6981	
6982	
6983	
6984	
6985	
6986	
6987	
6988	
6989	
6990	
6991	
6992	
6993	
6994	
6995	
6996	
6997	
6998	
6999	
7000	
7001	
7002	
7003	
7004	
7005	
7006	
7007	
7008	
7009	
7010	
7011	
7012	
7013	
7014	
7015	
7016	
7017	
7018	
7019	
7020	
7021	
7022	
7023	
7024	
7025	
7026	
7027	
7028	
7029	
7030	
7031	
7032	
7033	
7034	
7035	
7036	
7037	
7038	
7039	
7040	
7041	
7042	
7043	
7044	
7045	
7046	
7047	
7048	
7049	
7050	
7051	
7052	
7053	
7054	
7055	
7056	
7057	
7058	
7059	
7060	
7061	
7062	
7063	
7064	
7065	
7066	
7067	
7068	
7069	
7070	
7071	
7072	
7073	
7074	
7075	
7076	
7077	
7078	
7079	
7080	
7081	
7082	
7083	
7084	
7085	
7086	
7087	
7088	
7089	
7090	
7091	
7092	
7093	
7094	
7095	
7096	
7097	
7098	
7099	
7100	
7101	
7102	
7103	
7104	
7105	
7106	
7107	
7108	
7109	
7110	
7111	
7112	
7113	
7114	
7115	
7116	
7117	
7118	
7119	
7120	
7121	
7122	
7123	
7124	
7125	
7126	
7127	
7128	
7129	
7130	
7131	
7132	
7133	
7134	
7135	
7136	
7137	
7138	
7139	
7140	
7141	
7142	
7143	
7144	
7145	
7146	
7147	
7148	
7149	
7150	
7151	
7152	
7153	
7154	
7155	
7156	
7157	
7158	
7159	
7160	
7161	
7162	
7163	
7164	
7165	
7166	
7167	
7168	
7169	
7170	
7171	
7172	
7173	
7174	
7175	
7176	
7177	
7178	
7179	
7180	
7181	
7182	
7183	
7184	
7185	
7186	
7187	
7188	
7189	
7190	
7191	
7192	
7193	
7194	
7195	
7196	
7197	
7198	
7199	
7200	
7201	
7202	
7203	
7204	
7205	
7206	
7207	
7208	
7209	
7210	
7211	
7212	
7213	
7214	
7215	
7216	
7217	
7218	
7219	
7220	
7221	
7222	
7223	
7224	
7225	
7226	
7227	
7228	
7229	
7230	
7231	
7232	
7233	
7234	
7235	
7236	
7237	
7238	
7239	
7240	
7241	
7242	
7243	
7244	
7245	
7246	
7247	
7248	
7249	
7250	
7251	
7252	
7253	
7254	
7255	
7256	
7257	
7258	
7259	
7260	
7261	
7262	
7263	
7264	
7265	
7266	
7267	
7268	
7269	
7270	
7271	
7272	
7273	
7274	
7275	
7276	
7277	
7278	
7279	
7280	
7281	
7282	
7283	
7284	
7285	
7286	
7287	
7288	
7289	
7290	
7291	
7292	
7293	
7294	
7295	
7296	
7297	
7298	
7299	
7300	
7301	
7302	
7303	
7304	
7305	
7306	
7307	
7308	
7309	
7310	
7311	
7312	
7313	
7314	
7315	
7316	
7317	
7318	
7319	
7320	
7321	
7322	
7323	
7324	
7325	
7326	
7327	
7328	
7329	
7330	
7331	
7332	
7333	
7334	
7335	
7336	
7337	
7338	
7339	
7340	
7341	
7342	
7343	
7344	
7345	
7346	
7347	
7348	
7349	
7350	
7351	
7352	
7353	
7354	
7355	
7356	
7357	
7358	
7359	
7360	
7361	
7362	
7363	
7364	
7365	
7366	
7367	
7368	
7369	
7370	
7371	
7372	
7373	
7374	
7375	
7376	
7377	
7378	
7379	
7380	
7381	
7382	
7383	
7384	
7385	
7386	
7387	
7388	
7389	
7390	
7391	
7392	
7393	
7394	
7395	
7396	
7397	
7398	
7399	
7400	
7401	
7402	
7403	
7404	
7405	
7406	
7407	
7408	
7409	
7410	
7411	
7412	
7413	
7414	
7415	
7416	
7417	
7418	
7419	
7420	
7421	
7422	
7423	
7424	
7425	
7426	
7427	
7428	
7429	
7430	
7431	
7432	
7433	
7434	
7435	
7436	
7437	
7438	
7439	
7440	
7441	
7442	
7443	
7444	
7445	
7446	
7447	
7448	
7449	
7450	
7451	
7452	
7453	
7454	
7455	
7456	
7457	
7458	
7459	
7460	
7461	
7462	
7463	
7464	
7465	
7466	
7467	
7468	
7469	
7470	
7471	
7472	
7473	
7474	
7475	
7476	
7477	
7478	
7479	
7480	
7481	
7482	
7483	
7484	
7485	
7486	
7487	
7488	
7489	
7490	
7491	
7492	
7493	
7494	
7495	
7496	
7497	
7498	
7499	
7500	
7501	
7502	
7503	
7504	
7505	
7506	
7507	
7508	
7509	
7510	
7511	
7512	
7513	
7514	
7515	
7516	
7517	
7518	
7519	
7520	
7521	
7522	
7523	
7524	
7525	
7526	
7527	
7528	
7529	
7530	
7531	
7532	
7533	
7534	
7535	
7536	
7537	
7538	
7539	
7540	
7541	
7542	
7543	
7544	
7545	
7546	
7547	
7548	
7549	
7550	
7551	
7552	
7553	
7554	
7555	
7556	
7557	
7558	
7559	
7560	
7561	
7562	
7563	
7564	
7565	
7566	
7567	
7568	
7569	
7570	
7571	
7572	
7573	
7574	
7575	
7576	
7577	
7578	
7579	
7580	
7581	
7582	
7583	
7584	
7585	
7586	
7587	
7588	
7589	
7590	
7591	
7592	
7593	
7594	
7595	
7596	
7597	
7598	
7599	
7600	
7601	
7602	
7603	
7604	
7605	
7606	
7607	
7608	
7609	
7610	
7611	
7612	
7613	
7614	
7615	
7616	
7617	
7618	
7619	
7620	
7621	
7622	
7623	
7624	
7625	
7626	
7627	
7628	
7629	
7630	
7631	
7632	
7633	
7634	
7635	
7636	
7637	
7638	
7639	
7640	
7641	
7642	
7643	
7644	
7645	
7646	
7647	
7648	
7649	
7650	
7651	
7652	
7653	
7654	
7655	
7656	
7657	
7658	
7659	
7660	
7661	
7662	
7663	
7664	
7665	
7666	
7667	
7668	
7669	
7670	
7671	
7672	
7673	
7674	
7675	
7676	
7677	
7678	
7679	
7680	
7681	
7682	
7683	
7684	
7685	
7686	
7687	
7688	
7689	
7690	
7691	
7692	
7693	
7694	
7695	
7696	
7697	
7698	
7699	
7700	
7701	
7702	
7703	
7704	
7705	
7706	
7707	
7708	
7709	
7710	
7711	
7712	
7713	
7714	
7715	
7716	
7717	
7718	
7719	
7720	
7721	
7722	
7723	
7724	
7725	
7726	
7727	
7728	
7729	
7730	
7731	
7732	
7733	
7734	
7735	
7736	
7737	
7738	
7739	
7740	
7741	
7742	
7743	
7744	
7745	
7746	
7747	
7748	
7749	
7750	
7751	
7752	
7753	
7754	
7755	
7756	
7757	
7758	
7759	
7760	
7761	
7762	
7763	
7764	
7765	
7766	
7767	
7768	
7769	
7770	
7771	
7772	
7773	
7774	
7775	
7776	
7777	
7778	
7779	
7780	
7781	
7782	
7783	
7784	
7785	
7786	
7787	
7788	
7789	
7790	
7791	
7792	
7793	
7794	
7795	
7796	
7797	
7798	
7799	
7800	
7801	
7802	
7803	
7804	
7805	
7806	
7807	
7808	
7809	
7810	
7811	
7812	
7813	
7814	
7815	
7816	
7817	
7818	
7819	
7820	
7821	
7822	
7823	
7824	
7825	
7826	
7827	
7828	
7829	
7830	
7831	
7832	
7833	
7834	
7835	
7836	
7837	
7838	
7839	
7840	
7841	
7842	
7843	
7844	
7845	
7846	
7847	
7848	
7849	
7850	
7851	
7852	
7853	
7854	
7855	
7856	
7857	
7858	
7859	
7860	
7861	
7862	
7863	
7864	
7865	
7866	
7867	
7868	
7869	
7870	
7871	
7872	
7873	
7874	
7875	
7876	
7877	
7878	
7879	
7880	
7881	
7882	
7883	
7884	
7885	
7886	
7887	
7888	
7889	
7890	
7891	
7892	
7893	
7894	
7895	
7896	
7897	
7898	
7899	
7900	
7901	
7902	
7903	
7904	
7905	
7906	
7907	
7908	
7909	
7910	
7911	
7912	
7913	
7914	
7915	
7916	
7917	
7918	
7919	
7920	
7921	
7922	
7923	
7924	
7925	
7926	
7927	
7928	
7929	
7930	
7931	
7932	
7933	
7934	
7935	
7936	
7937	
7938	
7939	
7940	
7941	
7942	
7943	
7944	
7945	
7946	
7947	
7948	
7949	
7950	
7951	
7952	
7953	
7954	
7955	
7956	
7957	
7958	
7959	
7960	
7961	
7962	
7963	
7964	
7965	
7966	
7967	
7968	
7969	
7970	
7971	
7972	
7973	
7974	
7975	
7976	
7977	
7978	
7979	
7980	
7981	
7982	
7983	
7984	
7985	
7986	
7987	
7988	
7989	
7990	
7991	
7992	
7993	
7994	
7995	
7996	
7997	
7998	
7999	
8000	
8001	
8002	
8003	
8004	
8005	
8006	
8007	
8008	
8009	
8010	
8011	
8012	
8013	
8014	
8015	
8016	
8017	
8018	
8019	
8020	
8021	
8022	
8023	
8024	
8025	
8026	
8027	
8028	
8029	
8030	
8031	
8032	
8033	
8034	
8035	
8036	
8037	
8038	
8039	
8040	
8041	
8042	
8043	
8044	
8045	
8046	
8047	
8048	
8049	
8050	
8051	
8052	
8053	
8054	
8055	
8056	
8057	
8058	
8059	
8060	
8061	
8062	
8063	
8064	
8065	
8066	
8067	
8068	
8069	
8070	
8071	
8072	
8073	
8074	
8075	
8076	
8077	
8078	
8079	
8080	
8081	
8082	
8083	
8084	
8085	
8086	
8087	
8088	
8089	
8090	
8091	
8092	
8093	
8094	
8095	
8096	
8097	
8098	
8099	
8100	
8101	
8102	
8103	
8104	
8105	
8106	
8107	
8108	
8109	
8110	
8111	
8112	
8113	
8114	
8115	
8116	
8117	
8118	
8119	
8120	
8121	
8122	
8123	
8124	
8125	
8126	
8127	
8128	
8129	
8130	
8131	
8132	
8133	
8134	
8135	
8136	
8137	
8138	
8139	
8140	
8141	
8142	
8143	
8144	
8145	
8146	
8147	
8148	
8149	
8150	
8151	
8152	
8153	
8154	
8155	
8156	
8157	
8158	
8159	
8160	
8161	
8162	
8163	
8164	
8165	
8166	
8167	
8168	
8169	
8170	
8171	
8172	
8173	
8174	
8175	
8176	
8177	
8178	
8179	
8180	
8181	
8182	
8183	
8184	
8185	
8186	
8187	
8188	
8189	
8190	
8191	
8192	
8193	
8194	
8195	
8196	
8197	
8198	
8199	
8200	
8201	
8202	
8203	
8204	
8205	
8206	
8207	
8208	
8209	
8210	
8211	
8212	
8213	
8214	
8215	
8216	
8217	
8218	
8219	
8220	
8221	
8222	
8223	
8224	
8225	
8226	
8227	
8228	
8229	
8230	
8231	
8232	
8233	
8234	
8235	
8236	
8237	
8238	
8239	
8240	
8241	
8242	
8243	
8244	
8245	
8246	
8247	
8248	
8249	
8250	
8251	
8252	
8253	
8254	
8255	
8256	
8257	
8258	
8259	
8260	
8261	
8262	
8263	
8264	
8265	
8266	
8267	
8268	
8269	
8270	
8271	
8272	
8273	
8274	
8275	
8276	
8277	
8278	
8279	
8280	
8281	
8282	
8283	
8284	
8285	
8286	
8287	
8288	
8289	
8290	
8291	
8292	
8293	
8294	
8295	
8296	
8297	
8298	
8299	
8300	
8301	
8302	
8303	
8304	
8305	
8306	
8307	
8308	
8309	
8310	
8311	
8312	
8313	
8314	
8315	
8316	
8317	
8318	
8319	
8320	
8321	
8322	
8323	
8324	
8325	
8326	
8327	
8328	
8329	
8330	
8331	
8332	
8333	
8334	
8335	
8336	
8337	
8338	
8339	
8340	
8341	
8342	
8343	
8344	
8345	
8346	
8347	
8348	
8349	
8350	
8351	
8352	
8353	
8354	
8355	
8356	
8357	
8358	
8359	
8360	
8361	
8362	
8363	
8364	
8365	
8366	
8367	
8368	
8369	
8370	
8371	
8372	
8373	
8374	
8375	
8376	
8377	
8378	
8379	
8380	
8381	
8382	
8383	
8384	
8385	
8386	
8387	
8388	
8389	
8390	
8391	
8392	
8393	
8394	
8395	
8396	
8397	
8398	
8399	
8400	
8401	
8402	
8403	
8404	
8405	
8406	
8407	
8408	
8409	
8410	
8411	
8412	
8413	
8414	
8415	
8416	
8417	
8418	
8419	
8420	
8421	
8422	
8423	
8424	
8425	
8426	
8427	
8428	
8429	
8430	
8431	
8432	
8433	
8434	
8435	
8436	
8437	
8438	
8439	
8440	
8441	
8442	
8443	
8444	
8445	
8446	
8447	
8448	
8449	
8450	
8451	
8452	
8453	
8454	
8455	
8456	
8457	
8458	
8459	
8460	
8461	
8462	
8463	
8464	
8465	
8466	
8467	
8468	
8469	
8470	
8471	
8472	
8473	
8474	
8475	
8476	
8477	
8478	
8479	
8480	
8481	
8482	
8483	
8484	
8485	
8486	
8487	
8488	
8489	
8490	
8491	
8492	
8493	
8494	
8495	
8496	
8497	
8498	
8499	
8500	
8501	
8502	
8503	
8504	
8505	
8506	
8507	
8508	
8509	
8510	
8511	
8512	
8513	
8514	
8515	
8516	
8517	
8518	
8519	
8520	
8521	
8522	
8523	
8524	
8525	
8526	
8527	
8528	
8529	
8530	
8531	
8532	
8533	
8534	
8535	
8536	
8537	
8538	
8539	
8540	
8541	
8542	
8543	
8544	
8545	
8546	
8547	
8548	
8549	
8550	
8551	
8552	
8553	
8554	
8555	
8556	
8557	
8558	
8559	
8560	
8561	
8562	
8563	
8564	
8565	
8566	
8567	
8568	
8569	
8570	
8571	
8572	
8573	
8574	
8575	
8576	
8577	
8578	
8579	
8580	
8581	
8582	
8583	
8584	
8585	
8586	
8587	
8588	
8589	
8590	
8591	
8592	
8593	
8594	
8595	
8596	
8597	
8598	
8599	
8600	
8601	
8602	
8603	
8604	
8605	
8606	
8607	
8608	
8609	
8610	
8611	
8612	
8613	
8614	
8615	
8616	
8617	
8618	
8619	
8620	
8621	
8622	
8623	
8624	
8625	
8626	
8627	
8628	
8629	
8630	
8631	
8632	
8633	
8634	
8635	
8636	
8637	
8638	
8639	
8640	
8641	
8642	
8643	
8644	
8645	
8646	
8647	
8648	
8649	
8650	
8651	
8652	
8653	
8654	
8655	
8656	
8657	
8658	
8659	
8660	
8661	
8662	
8663	
8664	
8665	
8666	
8667	
8668	
8669	
8670	
8671	
8672	
8673	
8674	
8675	
8676	
8677	
8678	
8679	
8680	
8681	
8682	
8683	
8684	
8685	
8686	
8687	
8688	
8689	
8690	
8691	
8692	
8693	
8694	
8695	
8696	
8697	
8698	
8699	
8700	
8701	
8702	
8703	
8704	
8705	
8706	
8707	
8708	
8709	
8710	
8711	
8712	
8713	
8714	
8715	
8716	
8717	
8718	
8719	
8720	
8721	
8722	
8723	
8724	
8725	
8726	
8727	
8728	
8729	
8730	
8731	
8732	
8733	
8734	
8735	
8736	
8737	
8738	
8739	
8740	
8741	
8742	
8743	
8744	
8745	
8746	
8747	
8748	
8749	
8750	
8751	
8752	
8753	
8754	
8755	
8756	
8757	
8758	
8759	
8760	
8761	
8762	
8763	
8764	
8765	
8766	
8767	
8768	
8769	
8770	
8771	
8772	
8773	
8774	
8775	
8776	
8777	
8778	
8779	
8780	
8781	
8782	
8783	
8784	
8785	
8786	
8787	
8788	
8789	
8790	
8791	
8792	
8793	
8794	
8795	
8796	
8797	
8798	
8799	
8800	
8801	
8802	
8803	
8804	
8805	
8806	
8807	
8808	
8809	
8810	
8811	
8812	
8813	
8814	
8815	
8816	
8817	
8818	
8819	
8820	
8821	
8822	
8823	
8824	
8825	
8826	
8827	
8828	
8829	
8830	
8831	
8832	
8833	
8834	
8835	
8836	
8837	
8838	
8839	
8840	
8841	
8842	
8843	
8844	
8845	
8846	
8847	
8848	
8849	
8850	
8851	
8852	
8853	
8854	
8855	
8856	
8857	
8858	
8859	
8860	
8861	
8862	
8863	
8864	
8865	
8866	
8867	
8868	
8869	
8870	
8871	
8872	
8873	
8874	
8875	
8876	
8877	
8878	
8879	
8880	
8881	
8882	
8883	
8884	
8885	
8886	
8887	
8888	
8889	
8890	
8891	
8892	
8893	
8894	
8895	
8896	
8897	
8898	
8899	
8900	
8901	
8902	
8903	
8904	
8905	
8906	
8907	
8908	
8909	
8910	
8911	
8912	
8913	
8914	
8915	
8916	
8917	
8918	
8919	
8920	
8921	
8922	
8923	
8924	
8925	
8926	
8927	
8928	
8929	
8930	
8931	
8932	
8933	
8934	
8935	
8936	
8937	
8938	
8939	
8940	
8941	
8942	
8943	
8944	
8945	
8946	
8947	
8948	
8949	
8950	
8951	
8952	
8953	
8954	
8955	
8956	
8957	
8958	
8959	
8960	
8961	
8962	
8963	
8964	
8965	
8966	
8967	
8968	
8969	
8970	
8971	
8972	
8973	
8974	
8975	
8976	
8977	
8978	
8979	
8980	
8981	
8982	
8983	
8984	
8985	
8986	
8987	
8988	
8989	
8990	
8991	
8992	
8993	
8994	
8995	
8996	
8997	
8998	
8999	
9000	
9001	
9002	
9003	
9004	
9005	
9006	
9007	
9008	
9009	
9010	
9011	
9012	
9013	
9014	
9015	
9016	
9017	
9018	
9019	
9020	
9021	
9022	
9023	
9024	
9025	
9026	
9027	
9028	
9029	
9030	
9031	
9032	
9033	
9034	
9035	
9036	
9037	
9038	
9039	
9040	
9041	
9042	
9043	
9044	
9045	
9046	
9047	
9048	
9049	
9050	
9051	
9052	
9053	
9054	
9055	
9056	
9057	
9058	
9059	
9060	
9061	
9062	
9063	
9064	
9065	
9066	
9067	
9068	
9069	
9070	
9071	
9072	
9073	
9074	
9075	
9076	
9077	
9078	
9079	
9080	
9081	
9082	
9083	
9084	
9085	
9086	
9087	
9088	
9089	
9090	
9091	
9092	
9093	
9094	
9095	
9096	
9097	
9098	
9099	
9100	
9101	
9102	
9103	
9104	
9105	
9106	
9107	
9108	
9109	
9110	
9111	
9112	
9113	
9114	
9115	
9116	
9117	
9118	
9119	
9120	
9121	
9122	
9123	
9124	
9125	
9126	
9127	
9128	
9129	
9130	
9131	
9132	
9133	
9134	
9135	
9136	
9137	
9138	
9139	
9140	
9141	
9142	
9143	
9144	
9145	
9146	
9147	
9148	
9149	
9150	
9151	
9152	
9153	
9154	
9155	
9156	
9157	
9158	
9159	
9160	
9161	
9162	
9163	
9164	
9165	
9166	
9167	
9168	
9169	
9170	
9171	
9172	
9173	
9174	
9175	
9176	
9177	
9178	
9179	
9180	
9181	
9182	
9183	
9184	
9185	
9186	
9187	
9188	
9189	
9190	
9191	
9192	
9193	
9194	
9195	
9196	
9197	
9198	
9199	
9200	
9201	
9202	
9203	
9204	
9205	
9206	
9207	
9208	
9209	
9210	
9211	
9212	
9213	
9214	
9215	
9216	
9217	
9218	
9219	
9220	
9221	
9222	
9223	
9224	
9225	
9226	
9227	
9228	
9229	
9230	
9231	
9232	
9233	
9234	
9235	
9236	
9237	
9238	
9239	
9240	
9241	
9242	
9243	
9244	
9245	
9246	
9247	
9248	
9249	
9250	
9251	
9252	
9253	
9254	
9255	
9256	
9257	
9258	
9259	
9260	
9261	
9262	
9263	
9264	
9265	
9266	
9267	
9268	
9269	
9270	
9271	
9272	
9273	
9274	
9275	
9276	
9277	
9278	
9279	
9280	
9281	
9282	
9283	
9284	
9285	
9286	
9287	
9288	
9289	
9290	
9291	
9292	
9293	
9294	
9295	
9296	
9297	
9298	
9299	
9300	
9301	
9302	
9303	
9304	
9305	
9306	
9307	
9308	
9309	
9310	
9311	
9312	
9313	
9314	
9315	
9316	
9317	
9318	
9319	
9320	
9321	
9322	
9323	
9324	
9325	
9326	
9327	
9328	
9329	
9330	
9331	
9332	
9333	
9334	
9335	
9336	
9337	
9338	
9339	
9340	
9341	
9342	
9343	
9344	
9345	
9346	
9347	
9348	
9349	
9350	
9351	
9352	
9353	
9354	
9355	
9356	
9357	
9358	
9359	
9360	
9361	
9362	
9363	
9364	
9365	
