2 95 58 52 85 62 91 94 93 90 64 82 57
3 113
4 171 175 183 178 163 184 189 64 188 152
5 200 211 222 237 228 219 207 209 213 214 220 231 204
6 271 243 256 248 239 265 264 277 278 245 259 275 284
7 311 328 332 310 324 317 313 296 308
8 349 365 336 343 339 265 341 296 311 359 350 345 357
9 415 376 386 380 377 369 407 373 409 393
10 424 426 435 228 440 437 432 453 452 200 443 423 219
11 467 485 325 349
12 509 508 407 489 518 377 486 495 510 189 514
13 325 349 532 328 527 543 531 228 310 548 525 538 535 529 547
14 586 587 571 575 581 549 573 550 574 554 552 588 597 592 593
15 603 631 633 619 628 602 627 622 621 616 222 632 629
16 660 658 672 637 661 532 677 639 654 667 673 386 643 659 649 646 642 671
17 686 548 681 538 324 703 702
18 736 722 711 220 716 163 705 717
20 755 163 782 747 768 783 748
21 801 686 543 325 796 531 310 681 660 795 535 797 787
22 829 812 808 805 514 834 823 832 837 840 842 412 826 839
23 867 851 152 880 872 881 436 853 220 882 876 858
24 437 899 898 310 886 896 892 897
25 296 349 906 543 328 310 350 308 325 912 531 311
26 922 938 957 936 924 958 923 925 950 6 939 941
27 968 152 183 972 974 423 962 548 328
28 1006 1023 1028 1009 1003 996 91 997 1016 1002 85
29 543 1036 328 686 317 531
30 538 325 646 456 1047 1053 1059 228
31 603 1064 1069 1083 1065 1073 1081 1071 1028 880 30
32 200 1105 1102 220 851 1100 808 1108 1095 377
33 1118 188 1134 1113 183 152 1127 1111 968 1142 1124 632
34 622 163 1153 220 851 1164 1161 1147 717 1155
35 1176 1172
36 1185 808 1201 768 1183 1188 209 805 1194
37 1208 1234 1211 1205 1222 1215 1233 1237 1202 1207 1229 631 1203
38 1151 228 489
39 1265 1252 1256 13 1266 1274 1289 1253 1282 1271
40 1334 1329 1303 1335 1299 1332 1295 1298 1319 1331 1305 1318 1300 1296 1297 1302 1301
41 922 1338 1337 1354 1355 1367 1345
42 1383 1384 1380 184 1385 538 204 228 377
43 278 1397 377 603 1408 1401 58 1394 1009 328 1409 207 748 1403 486
44 436 717 957 163 152 15
45 1430 646 795 1428 543 1436 1440 332 310 325 349 1441 1434 1437 1433 1429 1439
46 1455 646 686 542 1454 1452 325 681 349 1428 328
47 325 456 317 1459 686 525 972 1463 310
48 575 246 1467 1478 1466 220 265
49 308 324 1505 1499 40 223 1507 310 1486
50 1514 1511 220 171 424 228 703 1151 1510 163 1509 1515 207 1520
51 188 923 1526 1337 1274 806 1521 163
52 805 1556 1544 1569 489 1560 1561 839 1274 1565 1543
53 349 491 1576 296 535 386 531 525
54 535 296 1593 538 349 310 1589 906 1603 1599 1590 1591
55 1608 1635 1609 1622 1455 1636 278 1623 1619 1606 1634 1625 1615 1617 1620 1616 1627 220
56 207 1515 228 1667 1663 436 1650 171 424
57 377 486 1429 1674 424 1188 686 207 1677
58 892 1691 1693 325 686 1690 386 1459 1698 681 1688
59 1713 1706 1705 1714 1118 1700 1702 1716 1712 296 1704 377 1715 407 1701 603
60 1748 1735 113 1747 755 1752 1745 1726 1743 1720 1750 1733 1734 1746 1727 1738 1728 1732 621
61 1779 163 1761 632 246 1774 1781 1762 1782 1756
62 310 1801 1800 1796 1789 220 1787 1797 64 189 1713
63 183 923 1812 1809 554
64 1827 1824 1836 1826 1818 1840 1394 1848 1838 1835 1845 271
65 489 209 1863 1859 805 377 1875
66 1886 1879 1073 880 1006 997 1899 1836 1902 1900 85 1892 1897
68 531 308 543 328 349 332 1941 527 239
69 1965 1946 1955 1950 1627 1973 1969 1945 1972 1959 616 1964 527 271 1622 1953 1947 1943
70 1977 1975 1985 163 1991 245 1982 1155 432 1984 1988 1978 207 1989 1520
71 936 1997 957 1113 1994 2001 188 2009 2017 2002 2015 922
72 972 58 265 2022 485 2024 686 386 328 2020 296 525
73 1073 1297 2031 851 82 30 91 1704 2035 2032 997 2038 2042 2026
74 2053 2071 518 2047 2078 2066 2070 2064 646 2069 2046 2048 2059 2075
75 531 1452 209 646 2080 538 543 2084 1455 377 972
76 2087 393 2106 2100 369 376 2095
77 2137 962 2129 432 183 2124 538 207 2134 424 2140 2127 547 1988 2132
78 2150 2162 1222 2154 842 2168 489 2149 603 2169 2174 2155 1745
79 542 311 325 228 313 1556 2177 797
80 823 1188 805 2211 2189 2188 768 2214
81 2222 2249 2260 2254 2245 2246 2229 2232 2252 2244 2230 2262 2235 2253 2239 2223 278
82 2285 2267 2297 2280 412 2289 2293 2296 440 2270 426 2266 2272 2276 622 2290 2264 2265
83 2298 2333 163 2322 2316 2331 2312 2306 2320 2318 2332 2301 2303 2299 2325 2308 2327 2307 200 2323 2313 2310 2321 2300 2328
84 163 923 1338 2349 716 220
85 923 2355 2376 1787 2361 808 2366 962 2358 2369 2364 152 2370 851
86 826 2382 1677 377 514 2381 842 2383 823 839
87 2393 265 535 2391 525 1441 349 2394 332 456 310
88 2409 1732 204 2401 2417 622 223 2404 592 211 2410 440 2399 2420 2424 629 1947
89 525 1183 1188 377 486 228 2427 209 207 1047
90 2446 2445 2454 538
91 2479 631 2485 2496 2492 2487 1073 2042 2495 2478 2471 2488 2474 2486 867 2477 2026 2470
92 2515 2009 310 2518 681 386 2504 2511 296
94 858 2424 2537 2532 2539 424 1964 440
95 542 2545 486 525 543 2549 686 2543 310 797 349 2137 681
96 220 85 332 538 349 2564 2563 310
97 432 1977 2592 2578 2588 2573 755 2577 2589 2575 2572 2582 805 2267 207 632
98 40 328 525 2020 349
99 2582 424 204 703 1713 443 1397 1384 377 2137
100 171 851 2488 1384 2612 538 278
101 220 412 324 2617 209 1047 768 2619 377 681
102 2640 271 2424 2265 2636 602 2627 2635
103 538 1073 64 1886 228 377 2644 1124 1713 2645
104 1274 2664 705 2652 1185 2659 188 1515 2658 324 2657
105 2693 603 2691 2496 2674 2681 2668 2174 2683 1745 748 2682 756 616 1969 1222 755
106 2714 1142 603 1515 412 2693 2724 2716
107 220 592 923 1274 380 2038 2740 2746 957 1789
108 2754 2752 2759 15 2761 2779 1229 28 152 1274 2769 2756 188 2751 2771 1521 2757 2755
109 2795 2789 2785 1988 2794
110 325 2106 2809 265 393 369 324 2799 2803 349 377 2805 409
111 2825 2828 603 2824 207 2815 2829 407 2811 2821 1988 432
113 2848 510 377 2835 2850 2842 1113 936 957 220 2841
114 183 163 2852 717
115 2866 2900 2873 2872 2865 2901 2894 2897 2862 2878 2842
116 2921 2915 2914 1620 2929 527 2909 2906 2911 2927 619 2903 1941 2252 1622
117 377 2031 91 1892 717 2938 467 2934 997
118 377 2951 2959 834 1859 1797
119 1113 806 2966 812 2370 2975 2967 936 2973 1134 2211 1743 1994 152 2976 188
120 543 1059 1556 486 332 1380 548 2980 1459 377
121 542 377 1429 646 2080
122 588 3017 3024 2995 2996 3021 2999 625 2997 3020 3009 3004 586
123 2824 3031 3034 703 1988 2572 489 3043 805 2582 768 440 1409 3026 3037 3027 64 3041
124 1796 1859 1713 377 407 486 489
125 3059 377 538
126 328 705 3074 3081 256 3076 184 456 325
127 3093 2785 2794 3083 3082 1927 3087
128 3114 2627 2031 3099 962 453 3108 3122 622
129 1463 525 686 296 3126 3124 423 265 972 362 548 1459 906
130 349 532 362 906 265 972 311 525 1450 1463 1441
131 2244 3155 1207 3132 3169 3131 3163 3134 3157 1946 3147 3158 3150 3153 3164 3165
132 531 325 543 525 542 1455 681 1009 797 349 532 686
133 543 1459 681 332 646 531 797 486 1429 325 349 972
134 325 543 386 686 1450 2543 1452 317 349 308 1009
135 3184 386 3187 2 686 9 3186 906 972 1714 518 3198 296 3196 1300
136 325 349 456 310 1459 538 3199 328 2022 386
137 246 3203 1781 64 1556 58 3200
139 923 518 1650 3236 486 377 3242 3245 228 3241 3239
140 1151 3258 3250 424 223 207 3257 237 602 3248 1964 622
141 3271 3264 1726 163 3270
142 3300 627 3279 2289 1083 3282 3280 997 3298 3285 880 2938 2488 3289 3295 3294 1203
143 3312 717 3309 3305 3310 3307
144 349 3315 3313 332 3316 328 317
145 3321 324 311 3081 548 2852 1511 456 204 1047
146 325 2803 349 1450 2799 2106 386 311
147 542 3327 3328 972 325 209 538 310 525 906
148 3351 436 632 3349 3359 3344 3365 3339 1409 1118 2693 3334 3346 1943 3347 619 3335 3341
149 2839 972 486 2545 518 436
150 265 646 3376 2545 325 3375 1459
151 705 328 3376 184 542 204 2080 2545
152 325 207 412 3402 3404 3397 324 220 3398 797 3403
153 3421 1151 518 3410 223 3414 3415 188 189 2794 228 3417 2370 162 3420 423 90
154 518 41 209 3429 1185 15 3239 923 2100 412 486
155 3444 3440 3452 3456 3430 1083 3450 3455 3433 3431 3434 3437 3442 3432
156 436 163 171 538 1515 220 207
157 228 3478 163 3473 3472
158 3496 311 3493 3499 386 686 681 1450 3489 3494 3081 359 909 797 548 3484 325
159 1505 377 1380 548 64 467 90 220 1053 3501 906 332 296 189 3502 265
161 3556 3087 2369 3543 3542 3562 407 3236 3545 3551 41 3558 3560
162 325 1781 542 2645 3321 3569 3200 3574
163 892 3599 3591 3594 3604 3583 1459 3611 3607 3609 2454 3595
164 622 602 188 3622 1118 204 3621 152
166 1989 3264 3668 3670 1985 851 3678 223 1789 200
168 3697 703 1945 440 3698 1953 622 748 1627 2582 3689 629 1943 1964 3701 1965 3690 3702
170 3718 2369 1521 768 923 1561 1812 3726
171 412 1609 2137 547 538 207 440 228 237 703 2582 220
172 207 1409 432 1394 296 1397 703 3736 163 228 2265 424 2821 3737 768 489
173 436 207 705 163 1185 412 3391 424
174 3759 204 220 3756 184
175 1459 265 2454 1782
176 2938 748 223 3769 424 40 228 440 432 1886
177 957 3421 407 1113 3775 188 2369 936 2381 220 163 1941 1134 152 1411
178 812 3264 3660 188 2746 3444 2370 3791 2842 1533 1134 837 3456 1994 3780
179 1988 2978 486 3794 2821 377 357
180 3823 3806 162 3799 3817 3821 3822 755 3812 1205 3417
181 1797 245
182 3863 3877 3855 3882 3881 3307 3873 3876 3867 3865 2047
183 3885 962 3890 1384 220 1713 575 163 1118 3280 1083
184 163 152 518 3898 64 3904 3280 3905 3900
185 3922 2358 3912 3925 3915 3923 64 486 851 1064 3908 997 3906 3920
186 2619 3931 681 220 3794 2839 1455 377 412 525 3124
187 997 152 91 62 3920 1886 717 3264 163 1824
189 3621 436 3944 808 851 2612 1118 514 489 486
190 3973 3958 1081 3947 3980 3983 3978 2934 3965
191 220 936 1787 3991 3994 171 1298 3501 1713 3986
192 4021 4004 3997
193 548 4043 3158 4036 64 4032 163 4027 532 1397 4022 4038
194 4044 3870 1735 163 3164 4048 231 1787 4054 858 58
195 1510 163 4066 220 4069 424 4058 592 4062
196 424 437 207 2821 436 716 220 1151 486 1977 4074 538
198 1118 823 808 4101 4103 840 207 1274 2829 4098 3031 4106 2850
200 93 717 4127 1705 163 4133 228 4132 4123
201 1177 4147 4150 4152 4153 4138 2069 962 518
202 837 4156 4161 4158 2746 1931 4162 1714 840
203 4178 832 1188 4176 805 486 829 4177 4168 2850
204 4199 4212 4208 1201 4190 4197 4220 3737 4201 840 4187 4196 4200 4216
205 2383 486 380 209 4230 972 1188 2829 4240 2154 768
206 703 858 4247 3200 1609 4245 962 1787 207
207 4254 1463 1201 4255 1486 1185 1100 296 4253 4258 972 359 4252
208 1521 4284 4273 1533 4279 15 4266 4283 4269 4288 6 1274 28
209 486 4291 325 209 538 311 2080 310 456 646 4294 332 525 349
210 722 972 1713 220 4300
211 30 4314 1713 9 200 184 1520 529 1988 486 220
212 2975 936 4331 2015 4343 1997 4333 1338 4328 924 2009 4335 923 957 4332 4321 4341 4325
213 412 228 163 377 2244 489 220 207 823 278 2169
214 349 3313 3743 2020 646
215 4371 4358 4375 4354 4377 3791
216 2824 1155 4384 1713 1073 1886 887 4394 3300 4388 4387 1403 4391 328
217 3430 4404 2026 222
218 867 1713 163 2835 1188
219 2150 357 2619 184 2839 1118 2785 325 4434 486 377 376 453
220 4074 2264 436 207 4452 4447 4451 602 228
223 349 3081 906 311 362 4488 3489 325
224 343 1083 1886 2265 3280
225 4021 842 839 2169 1533 2944
226 686 542 543 972 1455 681 325 310
227 2799 4515 386 543 681 525 1459 393 2806 2803 349 409
228 219 4536 2640 4540 4529 748 222 1164
229 2024 527 209 518 4551 4552 1274 4553 858 317 349 3542
230 4558 456 4557 324 1047 349
231 332 535 317 4563 328 349 296 386 543
232 308 317 4573 349 332 2515 4566 310 4569 4567
233 3198 377 1455 525 972 228 4581 2543 1047
234 377 2716 271 4596 1636 310 4590 4603 432 4591
235 812 4604 163 3415 152 4611 15 957 2370 188 4606 4605 4613 1134
236 1507 518 4618 228 220 4619 204 1511 547
237 237 436 222 424 851 2134 163 440 1384 207
238 4661 436 1411 1726 4662 4666 3472
240 486 386 1455 1576
241 4695 4162 6 2789 4690 4692 436 152 2369 2370
242 349 787 4696 310 308 456 317 1441 4701
243 532 485 3502 1824 58 962 296 548 906 64 1609
244 424 4708 4291 228 4709 209 486 538 246 514 716 207 220
247 4746 4750 3873 4761 4752 2978 4755 2150
248 324 4767 325 296 543 308 386 3397 2020 2543 332 4771 349 1021 1071 532
249 2839 486 377 2619 4036 808 4775 2850 1188 2978 209 325 3328 968
250 4778 222 188 717 163 1636 3434 4789 957 3444 4779 1411 4788
251 4800 424 4805 4452 4792 207 1274 4793
252 3081 3489 4810 1505 548 325 532 4814 386 535 681 686 1409
253 246 1429 310 4818 906 349 220 350 3187 2022 542 423 4819 3391 646 256
254 4434 4849 840 4375 4822 4833 3398 808
255 1818 2578 220 4855 2668 1789 1745 1797 1752 1835 603 1222 2174
256 4866 4818 328 3376 204 4819 4561 256 349 184 246
257 4871 1298 30 1302 18 34 9 4876 1299 1296 1332 4872 4877 1203 4874 1334 41 1295 3551 2 24 1297 1303 4873
258 310 349 538 681 4878 686 325 308 3367 972 3397 797
260 4924 4917 659 3313 4920 1700 518 4912 4932 4923 2446 1705 2075
261 805 4947 412 4939 4946 1863 1455 1188 3341 4103 377
262 3407 4960 4972 4269 4954 3806 4971 4973 3472 4965 1726 4955 4649 1118 4963
263 91 997 1705 4975 4923 4978 3920 2035 1892 85 2031 377 1081
264 175 3280 4075 486 4984 1009 4991
265 1100 4995 2850 489 4947 412 3718 1118
266 1383 1384 184 4998 171 1505 716 1385 962 538 1892
267 437 325 362 1459 456 531 3756 548 681 686
268 5013 5006 2746 5014 2031 2973
269 163 184 2031 5020 245 968 2738 2383
270 2815 5028 432 5029
271 681 646 4566 325 4563 797 1459 349 1428 308
273 527 2214 489 2959 1185 5074 377 5075 5073 5069 1590 3812
274 3494 5079 5085 1713 265 5077 4558
275 997 436 1886 5098 30 1713
277 3432 5112 5111 15 755 220 31 3184 26 13 1299 5115 237 30 1297
278 1450 5124 377 1556 5119 1459 386
279 1551 823 4168 1185 4375 1188 4822 839
280 437 5149 5150 1941 5152 163 1700 1073 3200 58 1401 5153 703
281 922 2973 5160 5163 716 5166 5158
282 4782 152 2446 163 220 881 436 5174 1411
283 1009 1801 3132 52 328 3164 5186 5198 5177 5197 1824 5178 1787
284 1118 1994 3944 5215 5216 489 2150 5209
285 3670 377 538 3780 220 412 957
286 317 349 310 1556 265 1450 538 525 386 456
288 436 163 412 5250 1118 5238 5237 5244 220 5235 5241 5236
289 3398 432 424 377 220 547 486 324 898 163 228 412 328 207
290 3920 5256 82 1409 5258 1081
291 5274 5280 681 2020 1486 1459 325 686 5275 5271 5278 5279
292 1411 152 436 163
293 5307 5315 2478 412 5316
294 5338 1590 5343 220 5358 5359 782 5332 5173 5353 5356 5352
295 220 923 3444 1520 1338 163 4273
296 5409 5373 5400 5395 5393 5398 5370
297 554 629 5421 5412 5423 858 5411 5418 4793 3200 231 622 222 1732 2532 2281 5424
298 5437 4251 324 5435 5428 207 1100 5426 209 5439 3200 5427
299 1609 3200 716 424 4818 5448 538 1515 5443 207 1556 184 5441
300 1338 189 5441 5453 705 4793 5456
301 525 898 646 228 1988 1767 705 3200
302 5079 5463 311 265 308 4814 532 518
303 163 703 3398 1274 228 2901 4115 549
304 5474 3258 547 1384 1824 5480 1083 5476 171 1713 5481 5079 163 3501
305 486 686 311 228 328 310 543 377 386
306 1713 30 880 486 5487 467 1298 3683
307 4725 5358 5073 57
308 4670 163 923 924 837
310 5537 5529 1463 317 548 543 1409 5530 328 5535 527 5532 5533 906 531 296
311 5555 898 3108 3391 5542 4618 2137 5553 3026 58
312 324 5565 4558 2106 5080 5571 393 369 2799
313 5581 9 2975 3806 837 4161 936 34 15 11 1299
314 681 486 220 4474 2549 4177 184 5594 2545 4463
315 424 377 209 3200 207 486 220 228 328 4818
316 4457 5604 514 5613 2038 377 2032 207 5603 2738 2835 5610 489
317 220 3472 163 2070 5620 3478 5618 5619 5624 5616 5623
318 5629 1394 547 3583 349 527 898 1047
319 4833 808 3043 207 3041 5636 5638
320 5649 2478 58 5657 5651 18 3440 5650 57 5658 1295 583 437 681 1298 5653 3285 3611 1203
321 5667 1274 5666 518 5671 4343
322 486 5678 5682 808 5679 797 547 1455 5232 317 548 5681 527 328
324 2757 5692 922 957 5695 5666 3417 163 1345 1111 188 4611
325 4912 1297 2691 1745 5709 1329 13 1800 11 5581 5710
326 542 525 2080 3376 377 543 3568 325 349
327 1053 1057 5729 686 548 4814 5487 332 2515 531 1059
328 2582 207 5736 5733 1100 972 424 377 3187
329 246 906 207 525 220 296 1505 5745 4810 485 899 962 310 535
330 681 4558 324 686 349 1698 325 646
331 362 3404 1556 5750 4708 386 5752 1047 3397 1441
332 542 1459 5769 3200 311 228 1556 317
333 386 5778 265 377 349 324 4463 3796
334 3467 4115 716 220 1977 424 2364 5782 957 2746 1520 377
335 349 5789 1688 575 486 518 456 184 5786 204 646
336 1700 486 5792 2446 2771 1787 377 748 755 5807 968 162 2835 703 64
337 5809 5814 5829 4283 6
338 5160 5833 2973
339 332 538 325 317 328 531 542 686 386 2020 308 543
340 518 5474 3796 525 5850 328 5846
341 5876 5868 2811 5886 5882 1222 1943 1946 5851 3529 5867 5854
342 207 220 1787 432 64 851 163 2821 1155 5892 3501 716
343 808 922 5898 5901
344 1083 5917 5913 5914 1151 423 5906
345 703 4245 554 1403 1609 2137 207 5927
346 209 424 228 207 4384 542 412 1155 3198 1988 1520 3200
347 1455 5936 5940 377 834 486 4779
348 5954 525 3200 5949 456 349
349 2214 440 5966 1188 1745 5961 5969 4101 4387 2582
350 265 1505 646 350 906 2022 2024 349 325 296
351 324 1183 5529 2619 5977 1690 4814 325 1047 681 3404 209
352 909 1459 436 5980 532 2020 328 538 2659 681 58
353 1452 547 542 325 686 349 681
354 317 349 325 386 686 525 5995 377
355 377 228 486 548 328
356 6010 703 768 832 1194 1188
357 1965 4245 3502 6030 1151 1745 423 6040 703 1155 237 603 6039 6035
358 603 6048 1835 207 6046 6053 6052 1408 6043 4108 4230 1705 2582 6051 5927 162
359 4920 93 4975 2938 1882 6059 1897 1886 6071 5256 6074 6056
360 1705
361 525 310 542 1459 538 646 349
362 412 228 324 6124 2080 486 1047 6123
363 3074 805 1520 5216 808
364 2265 1164 6138 554 1779 3347 162 3203 6137 211
365 6160 6172 93 6151 6180 6158 6048 4123 6170 3703 3504 3230 6168
366 2716 2281 748 616 222 163 603 1411 3294 6187 6048 1964 6190 6186
367 3341 209 207 489 412 6198 324 6194 1988 3398 6200
368 6217 6203 3890 6202 4384 867 858 423 6221 1747 6211 3280 6205 5150
369 2815 424 3258 6230 6225 207 5439 4810
370 4103 328 898 6232 58 171 6233 1383 538 486
371 2785 2154 2383 1796
372 175 407 6252 377 222 538 245 2794
374 85
375 1556 686 58 2938 325 2454 892 1459
376 6271 1274 6275 922 1796
377 812 1177 1338 4779 2009 923 188 2381 228 3621 6289 4387 957 4670 936
378 1691 220 163 377 575 3313 2031
380 456 332 325 317 525 296 6311 349 543
382 6325 6329 1622 2404 3678 6321 6324 6330 6335 6328 5481 1972 1619 6332 619 1397 6327 6322 52
383 362 311 3187 972 237 538 1059 5149 1520 184 898 1433 6346 962
385 486 325 386 324 228 686 377 518 681
386 2361 6357 6367 163 899 6365 5666 412 6358
387 548 4732 6378 204 5789 437 5186 1409 6381 6384 6379 1620
388 377 1705 407 2944 6252 6393 6397 228 2746 518 6056 6390 4920 6392 6398 837 4917 2035
390 646 317 386 328 296 543 308
391 1194 2154 245 486 6432
392 6455 324 6454 1081 892 204 412 1459 362
393 209 554 1081 6463 962 5969 4089 1100 6458 486 1185 6461
394 6479 163 4800 6487 5119 5594 4463 245 3743 6466
395 1521 4500 1274 220 1533 4279 377
396 1073 6501 30 880 3280 722 6500 1394 1397
397 6522 3905 1713 1300 3196 2 972 30 3184 5020 3289 1253 5237 9 5238 3186
398 207 237 3156 1620 603 1394 1761 453 1095 163
399 3081 542 972 311 525 456 310 2080 1459 1428 1690 686
400 681 310 1428 6530 3397 686 531 972 1409 325 3187
401 349 412 2959 6531 220
402 4917 1521 1274
403 386 6548 6551 547 686 3558 9 209 328 6542 5079 6547 6544 6546
404 1863 808 4375 6553 4833 5304 209 412 6559 4156 6453 4822
405 317 350 4814 310 6311 325 525 6568 349 296 527 485 4566 543 4713 6562
406 163 3421 1411 188 6571 152 3264 6570 1994
407 6586 3158 64 1826 6409 4027 532 4028 6583 2270 6053 6581 1155 432 1073 1394
408 1977 207 228 2539
409 5678 1511 184 525 228 485 486 547
410 6611 1201 1183 1036
411 6619 6621 2252 278 6629 491 6633 527 6622 6627 349 6623 377
412 6642 5745 3200 1691 3310 4708 6638 207 1779 525 4709 1047 1761
413 3708 377 525 311 6645 1455 220 310 547
414 1452 542 538 325 256 646 3200 386 686 349
415 542 646 681 3404 2020 525 532 972 686 386
416 6654 2471 6675 6661 6663 6650 603 2850 2668 3703 3417 6666 6658 162 6651 6667 748 6649 6652 5966 1205 6655 6660
417 171 349 426 296 311 906
418 6298 899 4199 716 426 6687 6679 629 898 6683 622 1947 3258 211
419 2020 6693 317 531 308 4814 332 349 6695 4566 3794 968 1450
420 171 1047 6697 6711 3920 6696 6707 6713 6717 6714 6704
421 4069 1505 310 349 311 525 542
423 997 717 6743 1713 538 6735 85 711 6734
424 2369 1274 1705 6747 826 957 15 2794 6752 183 489
425 646 325 386 311 686 1455 328 681 486 2020 349
426 748 1824 1383 3417 621 756 175 782 632 747 1800 6151 6758 1747 6160 603 4230 64
427 527 412 6765 5966 1100 6774 6768 1941 547 6453
428 6780 1028 6779 6714 1892 627 5258 997
430 1879 997 6788 6785 2938 6787
431 228 1047 377 220 453 4115 207 2794 424 705 412
432 220 3398 538 486 489 808 377 1650
433 1797 4273 6797 6289 15 6805 23 6821 6798 6803 6813 923 514
434 5152 748 6827 3285 6828 5782 2470 629 6205 1411 2289
435 5969 768 1100 6837 3027 2582 1194 1188 755 1863 6847 1185 3200
436 6851 3403 424 5153 228 1384 6853 2124
437 3367 6859 386 350 6862 325 909 6865 5977
438 1886 1299 4873 6875 245 4877 1303 9 6879 24 26 41 4876 13 4871 5238 2938 6873 1332
439 6902 2906 2915 6891 6897 6895 278 6619 527 2927 271 6893 6886 2921 6898 6894 6899 2252
440 621 223 748 4058 603 1401 2573 440 1943 2572 2815 231 2285 6409 1964 1155 1965 222 602
441 228 1151 5666 64 1394 6365 6917 532 3158 4734 58 2823 1941
442 1797 30 6931 6928 1713 4216 1059 6933
443 6956 152 6960 6958 2300 2312 163 2317 6961 188 2323 57
444 6655 6990 6983 2470 3528 1521 6991 3531 6654 1229
446 1892 7009 163 1700 3885 1384 7007 1713 3886
447 3541 7021 1943 113 747 782 7025
449 4605 15 2966 163 4273 380 3417 7046
450 152 7053 7058 188 1727 7057 6765 3420 4251 1411 881 7050
451 328 325 7061 377 681 349 324 686 1047
452 4975 554 93 717 85 2901 7062 163 1081
453 554 436 3200 7074
454 18740 631 13754 2470 4875 1253 2472 11107 1394 18741 3513 867 3289 880 1203 4873 3431 18738 3280 12505 876 18739
455 2486 3562 3285 603 162 7080 1745 64 748 1203 2369 2691 5197 407 7078 1886
456 4463 4474 7085 5594 2080 7091 542 7061
457 1705 7102 7099 925 7104 7103 957 518 188 2852 2478 924 7109
458 209 207 432 603 518 5966 486 163 3621
459 15 7118 2835 7117 2901 2973
460 1700 748 1515 207 5073 603 5216 3863 1859 1394
461 2668 220 962 538 52 7130 7140 2900
462 2478 2640 223 7153 211 219 5549 2424
463 747 2068 3310 4920 1800 1715 7157 6397 1705 245
464 7183 7184 703 7186 716 207 7178 2539 2815 228 424 2134
465 220 2823 207 1510 1964 716 436 223 228 424 1520 443 1384 4115 1151
466 349 7191 542 386 328 1781 972 4561 518 2022
467 7233 7231 7211 7201 7207 7221 7228 7232 7215 7205 7242 7229 213 7227
468 2068 1383 2265 1762 2938 7252
469 4341 5437 1118 7263 518 957 7260 812 188 7259 1113
470 3397 686 2031 1459 325 310 646
471 440 163
472 686 4814 1455 328 543 531 386 228 4463
473 525 7286 7273 6454 5555 7284 7275 7276 1505 7279 7278 7280 7290 7289 542 362 311
474 1401 1394 377 328 7316 5074 4725 1009 7315 968 7301
475 1511 7320 1988 705 486 204 207 1515 231 228 424 716 1151 2612
476 228 432 2537 424 2738 207 2134 377 491 209
477 209 525 1688 349 265 317 532 518
478 4216 412 4375 4822 840 3398 3444 424
479 538 543 332 3313 486
480 1006 7343 6158 7345 7344 997 1897 82 1073 1886 2488
481 1767 324 525 972 532 3200 1609 898 423 703
482 7351 3186 716 1782 486 7352 412
484 407 52 1127 1796 2681 603 2738 220
485 7379 6724 1274 220 882 7387 755 7382 7376 6048 7374
486 265 4767 349
487 386 681 456 265 1590 3489 7397
488 1515 716 424 2265 245 436 1977 1118 7404
489 163 4251 7408 424 6581
490 518 228 209 6548 423 7415 207 3367 324 3200 424 2038
491 3624 1337 583 152 163 2901 1975 7422
492 7432 7438 7435 7426 2627 7434 231 1947
493 880 1713 377 7445
494 7448 681 296 3489 909 906 7447 686 310 325 1590 535
495 265 797 349 7452 2080 3074
496 5020 518 1300 9 1298 4872 1295 6 30 163 1303 1069 188
497 2020 310 542 646 532 362
498 332 184 525 328 485 310 2222 317 239 349
499 1714 936 1892 1713 5079 436 525
500 2944 748 7472 603 1801 616 1222 7492
501 1556 3081 646 349 681 1047 184 325 972 5745
502 296 265 7501 349 2022 5533 543
503 525 1705 7502 2020 324 349 325 1455 972 1409 5533
504 681 324 1194 1455 686 412 163
506 207 6875 7520 6847 7512 7514 5581 423 880 34 9 1332
507 7544 3905 7539 5789 7526 5235 7536 207 5236 7532 7540 5238 7528 5237 7533
508 7592 7580 7562 7595 1136 7559 4062 7560 7569 7578 7586
509 4995 377 806 2664 486 681 220 7604
510 1941 4 5565 5236 486
511 881 808 6187 424 2821 440 228 237 163 436
512 2366 189 808 2944 812 4833 3196 837
513 223 222 2824 1510 1988 486 7644 228 2823 7645 7642 7650 207 7648 64 703 7651
514 1556 349 7656 325 3375 1463 1782 209 7655 3196 1590 7657 972 486 681
515 7672 6785 3258 1950 424 207 440 7668 2532 1627 228 62 5428 2627 1943
516 972 1083 412 7681 3367 7679 1194 5079 3431 518
517 231 629 1946 7691 7697 3026 3158 1155 1943 703 4032
518 797 686 265 543 349 2080
519 1113 377 936 4670 183 922 13 1797
520 880 1705 5215 7717 2835 189 1886 7722 64 1713 30 7514
521 7723 204 377 2619 207 2850 424 486 209 1183 1105 7725 4375 840 7724
523 554 443 2815 7735 898 7736 2265 163 7748 424
525 808 209 2959 1185 2619 1380 2794 1188
526 2789 2835 527 7780 220 412 424 3316
527 485 543 5150 2543 4814 3404 896 548 1452 265
529 163 1073 5297 7057 7802 3264 6172 7805 5901
530 6217 7822 3164 5412 228 7007 3391 703 7823 7824 548 7452 7826
531 2020 525 325 686 5149 324 543 797 2543 1047
532 2617 4995 3398 1188 1201 1185 412 2619 220 1183 1036
533 7849 2075 7836 1494 3307 2394 7852 265 4253 6522 2046
534 543 328 1713 349 296 308
535 1459 5441 518 1556 1698 3376 310 7859 4708 328 3074 2020
536 2047 220 1429 2031 163
537 325 220 3124 2543 2799 7865 4558
538 1452 2020 310 7868 686 1455 543 531 328 7869
539 491 7872 486 209 436 7871 265 3920 5532 7874 1787 377 1713
540 7879 5913 3295 3280 2938 4384 1083 1892 3279 58 423
541 52 152 5441 163 1411 2842
543 423 453 1118 207 936 1151 58 7885 64 183
544 3414 7893 826 3775 7892 1385 7382 3769 4022 5927
545 518 7898 377 538 209 6693 204 1863 189 486
546 3280 163 812 923 1712 7900 152 4971 7903 188 7905 2746 23
547 163 2821 881 1202 6730 436 858 619 1510 424 3440
548 4273 7925 2761 48 4266 3806 7918 6 7913 3660 188 23 3 7914
549 2265 4123 7426 163 4605 7936 3230
550 7940 2901 834 200 923 1274 5666
551 3769 7260 602 209 4354 808 7945 228
552 2153 7962 7970 7955
553 8006 1576 535 349 265
555 296 386 906 8021 332 8020 8023 8019 350 8022
556 1700 1705 1401 632 184 1009 8026 8027 4553 2582
557 3556 6548 2465 1298 1301 34 3558 518 1706 5079 18 1303 1295 5073 1300 4874 8046 5358
558 2789
559 6724 8060 8058 220 2265 8059
560 997 4387 2 432 1394 204 716 1083 8066 1155 9 3280
561 4566 722 8087 8074 8078 4713 8092 8084 6903 317 4580 239 1622 8082 6566 4696 8073 8077
562 892 5150 5649 8101 8107
563 8129 8117 8122 583 8113 581 2894 4524 8114 575 8110 8116
565 1151 627 1713 1073 8141 851 3186 85 58 997 8140 4810
566 8150 4871 1295 4876 1303 1302 5913 7404 18 1384
567 211 1105 6687 222 40 3258 426 1947 440 622
568 8152 296 228 310 1848 1383 851 220 207
569 538 4818 1761 349 4709 3074 328
570 8159 2906 8164 527 328 6630 278 8160 2222 8166 6621 8158 2976 6627 8157
571 3502 538 310 349 886 3198 467 3199 787 525 485 58
572 8171 1409 646 3397 535 548 310 906
573 6629 8179 8177 278 8185 6621 8174 2909 2253 8173 6895 2921
574 489 220 377 2080 6120
575 8198 1401 349 328 1713 486 207 538
576 8216 1787 5927 4247 8214 8223 8217 8208 8199 573 8215 4734 82 881 2668 858
577 228 8229 1787 1743 163 1073 880
578 2617 2619 681 1183 1036 324 209 8244 686 325 1455
579 923 8247 8255 8259 1274 8248 15 8258 6289 4178
580 8280 228 2612 8267 204 8278 808 3780 8279 2 722 5244 8268 3670 188 805 6397
581 310 8282 1274 637 265 3501 4917 7232
582 839 5961 1551 823 832 842 4004 3997 768
583 1700 162 808 768 8307 6453 2959 3817
584 1459 8311 7408
585 1515 1975 3683 2515 228 184 13715 204 432 4567 4569 207 1053 220 10289
586 8320 923 4269 2835 8326 8333 28
587 6724 823 152 8354 188 8353 514 806 163 377 510
589 7865 4474 325 456 646 1428 787 1429 1455 2080 797 686
590 377 8358 349 8361 797 531 4291
592 2668 906 8368 328 659 8369
593 797 1698 1436 456 686 681 8380 8374
594 183 220 377 228 1863 1185 2850 1194 209 163 768
595 1355 923 1338 1274 163 1337 922 957 924
596 5258 7343 1886 30 1295 3431 1073 1083 2938 82
598 324 686 349 2071 2035 4923 328 1609 3904 308
601 8431 1705 8428 8424 2312 5074 8450 3877 8441 6961 8429 1743
602 8472 8470 8460 152 436 412 8476 162 8474 8464 3041 5423 8459 2276 2381 8458
603 8481 8479 5657 716 8483 1510 1988 5154 220 2821 8493
604 722 310 265 349 518 525 8495 592 4920 311 8497
605 412 245 8503 2361 6917 207 8507 220 163 8501 4384
606 237 8513 436 842 152 5237 1824 629 1781 188 52
607 8542 2824 1124 8516 2749
608 8565 8575 8545 8571 8570 8561 717 8556 8560 8547 3230 8553
609 1151 485 432 703 2137 456 228
611 443 997 4725 532 703 8583 432 8581 1151 4732 1409 1609 8584 1155 4735 58 4245 1738
612 535 207 3502 906 1383 4089 1409 5480 64 228 2137 1609 886 532 58
613 204 602 8591 1875
614 8596 2850 209 602 4103
616 834 2746 8600 837 2794 8598 1274
617 8603 8602 8074 8605 4713 349 6378 8077 332 239 543 4566
618 3043 1543 8608 8633 8621
619 1520 424 228 1988 412 629 432 207
620 486 2478 380 3184 542 518 1511 957 8649
621 377 393 1383 2619 349 906 518 486 369 4920 2035 4923 311 8651 1705
622 3505 616 436 603 152 8658 622 851 163
623 188 3230 163 1118 8660 6137 152 5297 453 436
624 377 8671 1700 163 3886 5074 5215 1295
625 1964 1947 748 632 1164 4384 8674 898 2582 1394 440 8673 8680 3294 7074 8678 6217 8676
627 246 5236 6522 1836 924 163 957 5456
628 184 1964 436 6074 3026 6217 424 207 432 8702 1988
629 222 436 2364 1977 424 8712 228 4793 163 705 554 207
631 184 207 922 2009 716 1988 424 1515 228
632 207 325 3200 310 525 311 296 538 349 972 3501
633 3041 6120 4177 510 424 705 808 8728 3376 823 5119 377 8724 8726 220
634 8745 1459 311 8737 184
635 6187 8755 1092 8027 437 2852 237 5241 2842 8750 8754 8756 1556
636 4573 8759 2454 909 8761 310 265 349 296 8767 8765
637 858 228 8773 7227 2785
638 538 324 296 325 543
639 1383 328 8790 5072 1021 1009 386 8782 1401 64 722 968 4036 8779
640 163 3478 4251 705 2047 554 220 2901
641 6453 681 8798 8799 912 209 1380 2526 1047 2358 228 5729 324 377 8796 2150 6859 3375
642 581 8813 8812 8803 8804 8822 6958 265 2842 8282 8816 575 583 574 2894
643 5833 3502 3890 1164 437 3279 8600 6203 436 4384 8828 1514 554 2127
644 632 5235 3905 8833 1767 3898 152 8836 1118 8229 538 8840
645 5745 8850 8857 2059 8852 8152 8849 5624 8845 1800 8859 8856 265 2046 8858 8861 2047
646 1047 686 325 1455 1452 377 797 681 456 328
647 2289 632 962 2691 4058 6217 1745 162 436 58 621 3280
649 220 8881 806 837 2009 812 377 957 4178 808 2966 4971
650 531 1713 527 8883 317 377 1183 8884 1705 228 716
651 3501 3502 64 8897 525 7445 4043 310
652 8911 8904 8910 377 8906 1203 1701 8919
654 1118 4917 8955 592 163 8957 8963 8960 8954 188 1781 1700 1411 518 8956 2446
655 4566 525 8984 8977 538 349 310
656 8998 1064
657 2806 377 1700 2154 432 6252 972 1789 2106 486 2383 207
658 8141 1409 58 1155 4245 2134 4028 5154 64 1713 9011 1738 9008 4027 535
659 207 2376 311 6397 543 486 787 467 456 646 1459 1988 906
660 2515 9040 6697 9023 1057 7136 8765 9030 4309 9021 8718 9017
661 8450 9045 2316 9048 9076 9054 7201
662 4488 362 4177 7898 6608 9084 3756 9079
663 518 9108
664 4779 622 9128 6687 231 9118 1732 5439 632 9126 5936 440 4058 9129
665 9134 2149 1384 424 9133 1394 1397 5237 1073 436
666 3280 5913 867 9138 5658 9144 9141 3432 5079
667 349 328 538 325 531 7868 324
668 412 2032 957 4793 2080 4463 705 924 6120
669 9157 3187 2080 9155 325 3404 3074 972 3397 486
670 716 7445 228 2132 1409 1155 1982 5428 535 5045 1941 2137 1486 310 207 9160
671 2080 393 4463 486 538 646 7061
672 808 2959 220 1188 2214 7540 1100 2829 1185 5961 1401 2617 412
673 8728 5427 9193 2068 412 1556 9194
674 532 525 4814 2020 543 5537 4561 2799 386 1452 686
675 548 703 423 296 349 1009 906 886 2543 532 7445
676 1533 2369 436 9204 1202 1274
677 7918 1533 4266 1134 310 2746 6658 1521 9210 1274 957 9208 9224 9226 9222
678 412 256 4849 2852 705 9229
679 4563 525 349 485 535 325 310 791 531 1505 8718 9232 4814
680 377 4767 328 686 7448 9234 1797 357 325 9235 4156 906 1021
681 768 209 4 3208 1797 178 486 2850 5969 2815 9248
682 531 456 1428 686 486 681 1452 328 256 324 538 2545
683 997 9252 3920 1892 1083 3280 5833 5917 85 1886 1897 9253 9255 3431 9251 1882
684 325 9259 543 332 4814 3397 2020 349 972 296 686 328 525
685 2532 554 188 5667 278 3239 220
686 1151 58 997 1713 9 171 1332 9262 91 880
687 1083 1886 2488 1510 3432 3435 9266 1205 3279
688 207 220 377 349 4818 184 412 228 209 424 362
689 542 531 543 1452 4912 311 486 2046 328
690 310 686 906 58 543 787 525
691 548 722 58 64 204 4153 703 9284
692 1002 9300 1073 3313 9289 9299 997 9294
693 222 9318 4384 6422 2264 9319 4074 886 898 223 3279 228 532 9305
694 8910 9321 9329 2938 9322 1298 9332
695 5160 163 632 2973 756 851 621 748 1384 9341 162 1812 2572
696 2789 717
697 748 175 3863 747 5358 64 1620 377 52 8513 5072 57
698 1705 1743 265 485 972 9369 6052 4912 9370 184 377
699 1899 1892 997
700 531 527 324 228 328 325 377 349
702 310 328 9371 332 525 349 325
703 246 2543 1452 328 543 1455
704 9390 6621 6501 9382 2906 9391 9389 6619 8160 1455 9394 9383
705 9402 1459 2446 349 6397 8361 9399 1201 1705 2478 912 4920 9400 377 2071
706 1274 486 9407 15 957 2794 9416
707 9431 9417 1459 9428 7869 9427
708 3351 3531 9439 3505 9442 4081 1202 7376 1229
709 9465
710 436 3279 9332 9344 2938
711 377 3239 3083 2901 489
712 9480 214 851 2127 9479 716 1515 1298 204 9484 9483
713 349 310 9494 332 543 525 456
714 3196 997 3186 1886 8369 1083 1787 5917 40 2938 4732 3769 4069 6847 1897 9499 4038
715 1338 2973 9513 957 4341 163 4331 15
716 808 377 823 2959 9516 486 3817 412 2850 805 8464
717 972 1450 906 310 349 1556 325 542 525
718 1745 207 1969 616 603 8215 887 3200 3186 3196 237 1155 1752 64 2289
719 9528 163 1394
720 1134 2265 162 163 717
721 220 622 222 426 1947 436 437 9540 2640 9544 1732
722 525 324 310 325 349 386
723 324 4618 310 2805 328 184 1459 531 313
725 9554 1073 2478 5073 9553 592 407 9563 9565 3886 9559 9556 9289
726 4558 296 3501
727 9592 9626 9595 9628 9591 1207 9596 3147 4536 3657 9609 9610
728 4069 1787 9630 4022 436 7074 6730 9632 9629 1985 207 1510 4451 4058 1151
729 9637 4872 9644 228 1295 9634 3310 1299 2038 18 1704 1463 30 1298
730 4123 310 2526 163
731 2794 188 2370 923 1705 163 152 538
732 972 9653 677 3560 3502 3991 3310 3198 265 962 9656 486 525 637
733 4708 6608 2657 1047 9660
734 6724 162 9672 9665 8027 9669 4230 2627 3248 6298 632 6463 412 220 6048 4208
735 957 518 9674
736 377 9679 278 9684 9681 349 7874 9685 8600 3034 9689 2526 6627
737 412 424 489 228 554 220
738 163 2009 9222 1274 3660
739 5745 1463 9706 9701 705 1767 5441 542 8756 9700 9713 1756 4701
741 1385 209 491 6453 377 808 486
742 2376 9730 228 9731 5150 548 2137 9720 8674
743 4335 1385 1009 5575 3501 7233 3865 8504
744 8761 308 968 377 486 4309 972 722 2619 936 518 2075 5487
746 806 514 9766 1941 748 9763
747 3769 2850 1185 1188 768 1383 8464 9768 9772 829 3621 4169
749 325 324 207 349
750 1203 1118 851 424 748 207 2582 9782
751 436 808 486 377 4375 412 209
752 805 3027 9800 412 823 9805 9813
753 3473 2053 328
754 3279 851 9827 228 7352 554 575
756 554 7869 424 220 222 228 716
757 538 486 1455 265 9847 1452 531
758 548 3258 1609 1009 681 423 486 1105
759 423 538 703 1767 437 1151 7276 548 237
760 220 9229 705 2848 542 4818 2080 6123 209 377
761 5045 997 9862 3285 3562 1083 1886 5258 58 2488 8790 1827 4732
762 30 9864 7426 1713 1714 4872 9869 1073 486
763 1863 328 808 486 518 489 1797 3367
764 898 2265 207 1118 436 4111 3289
765 9877 703 1943 3026 9880 621 632 1627 622 5927 619 1155 1735
767 9888 2526 209 4156 377 9889 30 310 328 5487 3877 220 349 722 1298 880 9038
768 1455 1047 1459 325 4294 686 722 9893
769 7130 162 432 207 486
770 3316 972 328 377 538 308 525 1009 310
771 527 9902 271 4696 7259 1556 2921 245 9903 1841 1620 228 547 9904
772 9920 9924 5695
773 209 9927 1984 163 7426 867 9928 436 7038
776 9963 9965 489 412 2211 220 4216 2738
777 3087 2369 1069 3198 1394 5115 2681 9971 9969 535 1297 6648 4038 6667 11
778 349 265 311 9976 538 485 548 209 4619 4566 325
779 711 9986 1463 957 4258 722 4912 1900 4871 6200 518 163
780 1409 58 163 525 972 5256 997 64 8583 532 2134 324
781 317 386 308 797 686 328 325 296 538 681
782 1222 10010 603 10007 748 7021 9994 5927 747 1747 9997
784 748 1947 629 211 3258 2401 10026 2424 10024 3621 440 1732 622 602 4123 1164 2627
785 220 4819 424 436 1520 9700
786 220 1009 547 8881 2578
787 207 432 9936 3769 4995 808 424 768 1183 486 1455 377
788 3473
789 377 1975 220 10056 278 1989
790 4923 1459 525 8756 686 349 362 3905 377 912 10062
791 1886 5833 716 2137 424 2978 1151
792 209 768 377 6194 412 486 432 2835 10072 2967
793 532 228 328 310 535 5150 538 207 349 265 886 1409
794 10078 716 207 424 1384 228 5079 2852
795 686 310 296 349 377 543 3501
798 10097 2446 7722 10088 10100 2211 2769 10095 2966 2749 1274 837
799 10122 3280 10115 1083 10120 1073 8676 9864
800 2901 924 922 957 163 3376
801 10142 10134 1892 10152 575 10151 8975 10156
802 1394 6649 10174 2486 631 10164 2470 10172 3532 30 1073 10166 3530 2042 10163 90 2026
804 456 310 525 325 906 10190
805 228 10197 616 1383 756 6151 621
806 1886 10218 10210 10222 1118 592 1705 377 10223 436 3280 58 3310 10219
807 2370 2095 10233 10234 968 808
808 525 3200 437 3164 10248 1047 2020 328 10249
809 531 538 377 5463 328 542 325 1452 1429 486 543
810 10263 2308 10271 10264 10281 2298 10274 2320 10250 7157 10254 377
812 839 842 209 3234 10304 10305 1440 10311 823 377 768
813 748 10315 64 5927 10313 58 621 228 1735 6409 231 424 1486 432 1824 3298
814 228 4814 10317 1047 2080 10318 412 646 1059
815 325 311 1450 324 2020 310 525
816 325 4814 686 10320 525 310 296 3397 1441 543 3316
817 10322 2815 324 2361 548 1515 10318 4177
818 207 377 7260 808 1966 220 4196 489 716 10325 412
819 325 377 349 5778
820 10375 10358 10333 10335 10339 5352 10361 10337 10364 10355 10365 10345 10359 10331 10351 10363
821 207 1787 7650 1688 220 5423 1964 436
822 1237 10393 4779 10397 4108 245 1543 10395 10400 271 10398 2716 1946 6581
823 2150 867 10405 3455 3242 7650 3621 3328 768 10401 1650
824 163 207 554 716 222 10412 436 228 1515
825 1207 207 6137 10416 10413 8583 1155 10414 1761 183 10415 10428 2401 10418 10421 9480
826 10432 10433 486 1452 1081 2009 377 1463 518
827 5014 3456 4457 2364
828 7900 1338 9440 163 152 851 10455
829 1383 622 424 602 222 3186 748 228 1947 858 440 426 716
830 542 328 1428 1429 10459 349 4561 6120 1430
831 9888 10182 57 10467 3863 7157 10463 518 7874 10176 3307 10462 9685 1463
832 936 10472 152 188 2975 518
834 3239 1650 808 768 3543
835 377 163 486
836 10514 4619 4920 423 525 58
837 748 10517 603 1965 1781 632 756 616 1222 10515 1745 2811 162 5876 1747 1835 237 1787 2716 621
838 603 1705 4734 1738 10522 748 407 10523 1787 1394 1118 1965 4069 237 152
839 377 834 7078 514 808 806 486 1859
840 5236 2446 10539 220 237 10529 1118 1092
841 184 1380 9766 7650 705 538 10543 9928
842 5565 10558 10556 6046 10559 1969 1945 2668 1943 1627 10554 4779 10547 2921 3132 2909 603 5868 1622 1946 10548 2132 1953 619
843 4212 10563 3737 3043 10574 412 10571
844 209 486 972 7724 10582 768 548 3367 1185 3187 40 2850 542 1188 2080
845 188 812 10584 593
846 3442 631 3431 2486 1222 1205 10164 3456 2471 1202 7343 10596 2470 10007
847 4177 547 1507 7868 3316 548 308 4814 317
848 632 222 1732 3347 622 898 3430 10517 10613 6151 440 629
849 1520 432 10618 881 8470 4457 207 10619 424 4793 716
850 10630 3501 9869 10638 82 6232 9299 10637 30
851 311 10640 1441 10639 325 972 296 686 8171 324 310 317
852 317 311 543 906 296 525 1459 325 349
853 311 2454 95 909 1463 535 184 1459 592 2022 3881 974
854 278 2168 805 10525 823 489 3245 514
855 10657 1515 1950 2582 716 10656 248 207 10655 867 1514 1946 8600 10661
856 163 207 10663 1977 436 898 424 453 220 10662
858 10670 1401 7868 1409 703 2020 538 722 1455
859 2020 328 4043 2539 377 529 532 5683 5256 10523
860 3703 10673 2771 6151 2828 1229 2749 4970 3417 592 3528 1411 152 1202 9440
861 412 1463 6233 311 542 3081 4488 10680 9079 209 974 10679 3489
862 349 1383 532 548 797 2024 535 2022 5149 3404
863 887 228 3186 716 207 3200 4732 10685 432
864 207 453 424 3200 436 220 3298
865 7117 2785
868 7301 968 518 2047 4036 7316 2835 10694 722 10699 1796 529 8674 10695 1305 486 10708
869 923 3806
870 705 2848 163 542 412 6120
871 152 5244 188 1118 3905 163 2369 5153 10717 2582 5237 1384
873 377 325 308 543 311 317 349 332
874 3184 171 1300 1988 1609 436 4044 3087 8503 7078 4162 4734 4255 1745 1298
875 686 5463 5537 325 1428 543 1429 681 349 1047 531
876 10746 1083 10742 10747 3430 10764 10756 554 10753 10761 10763
877 3780 7357
878 1021 349 797 686 308 325 1452 531
881 1761 424 4434 246 412 220 3200
882 3708 10808 409 386 1932 1691
884 349 456 332 310 325 543 1428 646
885 3397 310 325 349 525 3489 317 328 1589
886 2080 228 163 436 209 486 265 542 518 10825
887 188 1994 3417 152 1113 10829 2757 10828 436 163 7903 6570
888 171 189 4036 1800 1394 486 4177 518 2075 6056 1009 6051 162 10837 175 722 10843
889 10554 8403 1947 424 851 629 222 163 10850
890 2785
891 1113 6390 1714 1203 4872 1295 748 1701
893 10433 10871 529 1713 207 9679 9681 489 5679
895 1989 163 152 2901 1411 5845 5297 1977 10899 489 9927 1984
896 2716 4230 407 1185 57 228 603
897 10910 8216 1747 10908 1134 4613 632 10325 10913 163 188 1274 183 152
898 349 310 328 64 535 906 332
899 1201 6453 10496 324 5949 10318 1674
900 6046 2799 10548
903 923 10953 812 2381 4971 808 806 4178 6289 2738
904 518 220 1787 1380 377 1455 4923 510 486 228 968 722 10960 1892
905 486 310 525 1047 3200 349 412
906 2080 1674 1863 328 325 349 10964 1047 538 542
907 10412 554 2265
908 3429 1298 3184 9 1295 50 1300 4162 6542 3558 2967 10982 10979 10977 518 6548 10976
909 2835 2526 377 486 324 209 3367 2664
910 328 296 308 535 58 311 906 8605 349 4563 265 543 10988 332 8765 4566
911 485 661 310 968 1486 324 1009 10992 328 4309 349
912 10126 3660 163
913 1515 489 377 207 1118 436 1151 525 716 486 2815 851
914 64 41 4178 3558 31 11 2370 188 923 171 6873
915 1401 207 840 453 11002 3743 1274 2850 4800
916 686 4294 681 349 311 1556
917 436 424 1510 5638 453 1767 9332 5153 808 3279
919 1752 4074 1745 632 3501 237 535 703 207 6187 8027 58 432
920 2850 1185 2214 377 1194 209 1863 1650 834
921 1520 1946 9799 11041 11043 1202 11042 11036 3355 4603 11045 2222 3780
922 4230 58 1787 95 57 183 3280 10479 1800 11050 5542 1735 7382 7644 237 858
924 11076 1544 11066 1507 11074 9904 6384 11082 11069 11064
925 9720 787 1118 5186 1985 1092 2053 5235 6225 5237
926 1394 11107 11098 11092 11111 9 11110 6876 11105 11087 9997 11113 3289
927 220 1706 3769 6547 6461 2211 923 209 11120
928 756 1969 11126 11129 616 1745 11124 1835 1781 1965 603 748 11128 2691 10517 2174 1222
929 1009 11150 10910 11149 923 9892 11133 518 7301 602 328
930 9079 646 1467 686 2020
931 1274 2823 839 1411 1526 4946 1337 1533 6048 5040
932 7130 2031 11176 3978 1081 3501 2075
933 432 228 207 1151 4452 11179 11181 4384 962 2815
934 2823 163 2381 207 554 3258
935 1401 1295 9499 11192 13 1303 510 9 4874 1331 4876 1256 30 1300 2
936 11201 1969 2174 2691 1965 616 9766 11202 11208 11204 11200 2681 756 1943 1745 1945 2149 603 2674
938 310 4761 9193 11222 377 518 317 3124 1455 972
939 5666 3621 486 3093 2619 832 209 1188 317
940 8840 851 9632 10080 2537 1384 1510 1511 11233 6202
941 11244 7945 2582 209 11243 5412 11240 228 1383 3769 8674 313
942 3397 11252 532 543 525
943 1977 412 1383 220 3823 223 207 10564 527 11253 424 3341
946 1047 412 1201 1188 10318 1183 1185 377 4822
948 5638 6570 11289 5636 6205 629 11284 152 10515 3870 1164 5423 11287 3467 11282
949 1188 4168 2214 9516 1100 1185 8384
950 163 9465 1809 1069 15
951 1303 1297 11309 5966 1700 407 11319 1295 1301 1716 1296
952 525 2031 1515 207
953 3200 1155 207 228 629
954 535 4245 880 1297 3289 1298 11331 1713 3501
955 11351 369 11343 3313 8998 716
957 8164 8600 5039 6629 11382 1975 278 11389 6619 6621 11381 11380
958 317 9799 11392 2617 10613 5649 6298 2839 239
959 1384 5480 2059 1897 58 1886 858 972 11397
960 9986 968 377 328 4309 1576 407 1627 11409 317 547
961 6422 1164 426 11423 211 898 11418 10618 11421
962 10413 11424 625 11440 11434 5297 163 1411
963 11452 7452 11450 10358 6232 1941
964 412 1047 424 486 265 163 2047 6453 209
965 325 686 525
966 317 2020 543 328 3404 310 349 424 3756
967 3743 6120 1966 3791 808 11457 510
968 11466 440 629 424 11463 432 1964 64 8026 11464
969 207 703 163 1590 972 256 3200 4254 2446
971 412 11471 486 6120 8728 377 209 220 705
972 1700 163 7382 11479 632 5441 1781 11484 1835 6048 755 93 6187
975 209 972 377 3187 538
976 171 11501 11499
977 220 1977 2265 603 377 858 6724 7260 4133
978 188 621 924 1994 1113 6765 11510 1295 1743 812 2573 923 632 1134 3417 152
979 2478 10977 2369 5421 377
980 782 7021 11537 747 11531 5359
981 4387 8459 11552 6463 223 602 1947 11548 11556 324 222 7723
982 163 5074 768 11559 4028 2668 3882 1705 3703 6052 968
984 328 1441 4814 518 377 9684 1455 486 11578 317 386 1452
985 325 349 377 3313 525 310 538 542 265
986 6453 209 412 2619 2214 9941 2794
987 308 325 5150 538 349 3397 317 11583 1459 1452 1486 525
989 3697 1735 440 622 629 6217 424 5150 11588 858 10014
990 603 851 1073 204 1151 2691 3208 11592 6217 3898 237 8027
991 184 432 1384 163
993 4273 11622 2582 11627 547
994 7802 3890 58 11638 11639 11630 2075 1726 11631 349 11634 8027 163 1073
995 1428 1452 1455 686 328 543
996 11667 11663 11671 3004 11668 11677 4253 11682 11664 11654 11660 11653 11659 11647 11655 11646 625 11652
997 1943 527 211 629 1964 436 1100 11685 1950 5782 11686 622
998 11700 4923 2106 11687 369 209 409
999 486 1172 377 755 152 3417 1118 1705 538 188 11703 10472
1001 518 1459 1047 11718 681 3489
1002 332 1023 349 296 909 535 175 11723 722 328 906 310 239
1003 11730 11725 3313 906 11727 997 228 11726 6714
1004 11749 5412 1947 6687 4384 11739 2289 554 11748
1005 2132 207 1950 1155 11762 1975 2716 619 6581 1622 1627 1941 271 547 8474 1943 10398
1006 6137 9700 1756 11766 5745 246 1394 436
1007 1459 3609 11768 2445 11770 11771 11775
1008 8474 6764 1947 4970 3417 8459 3695 5807 619 3703 1700 3718 8472
1009 209 4177 486 377 1298
1010 2973 997 189 2526
1011 1194 1185 5437 324 2959 2617 518 377 209 362
1012 228 486 2823 412 1194 5111 6453 209
1014 328 527 1455
1015 2693 622 310 3258 11804 3670 602 5480 6298 4177
1016 2628 3341 3398 2281 621 412 3258 222 602 220 632 622 426
1017 637 325 909 386 328 310 296 543 3397 265 349 311
1018 188 834 5667 2370 15 812 163
1019 4201 2573 3341 2276 3200 424 4434
1020 325 1047 681 209
1021 443 554 163 7227 220 436
1022 3915 10582 3906 1183 209
1023 532 886 525 1705 797 486 349 906 2543 310 1505 3391 3200
1024 543 3367 1714 11824 4161 324 486 1859
1025 220 7426 4251 163 2265 245 1411 11834 207
1026 2370 1463 2381 1797 5079 23 2967
1027 239 1253 423 543 4566 6562 456
1028 3124 5437 5215 518 1705 9940 486 209 1700 377
1029 1073 997 1892 11849 9321 1394 52 851 11602
1030 8910 5666 808 3799 11855 1975 839 842 11862
1032 583 2894 8122 2873 581 11884 8110 2901 11883 2842
1033 11889 1455 265 7868 11452 4767 349 1463 485
1034 409 486 317 393 1455 296 2020 456 6619
1035 3282 2289 632 3280 52 8680 5658 1510 4138 6205 1083 3890 11905
1036 11910 9629 9823 6202 6743 1384 851 11909 10080
1037 4251 2842 583 11920 2901 2894
1038 1892 997 9253 9255 1886 1006 1897 82 7343 7885 11929
1039 1507 527 1455 377 2976 547 1863 328
1040 4457 486 808 2850 538 923 209 2364 412
1041 11939 11936 957 377 1338 209 1796
1042 328 9079 324 349 1455 1985 228 325
1044 2471 2470 231 11968 1202 3430 440 11953 3351 2281 11958
1046 325 797 531 1452 2084 349 681 4561 2020
1047 11983 11982 622 11993 3041 223 6048
1049 207 10524 1083 436 858
1050 6910 1947 2573 622 748 6217 440 2281 12003 1969 3703 1964 3504 5549 629
1051 424 228 924 209 207 2789 220
1052 436 4384 228 12015 5423 703 3467 12014 1151 7642 407
1053 8019 386 10421 2137 1409 7868 686 4814 538 324 1455
1054 703 2264 1745 1727 1155 10719 6137 4230 1964 7502 237 8027 12019 548 10517 11464 10613 1747
1055 8724 3376 1809 6123 1859 542 5427 4177 4750
1056 4474 681 1429 3187 1430 686
1057 265 209 543 646 310 362 1459 1441 3081
1058 1459 328 324 332 2080 4561 686 308
1060 881 6321 162 4108 6828 380 11378 3346 1943 7900 163 220 632 6046 1606 2572 188
1061 10026 2842 12054 7532 2894 6958 12060 12052 12049 12053 12061 12059 3024 8114 583 220 581
1062 220 3164 12065 6730 2532 6724 12066 10663
1063 3298 1155 3200 7356 8584
1064 12083 163
1065 1609 1797 525 328 58 1009 377 12085 12088 349 311 518 2317
1067 163 1083 4800 30 6120 3430 3444 2080 424 207 412
1068 840 12095 4822 3444 4833 489 209 808 10126 12097 3442 2738 1650 10753 220
1069 349 310 1009 456 6120 220 2080 3198 525 328 542 3376 8380 1436
1070 486 228 808 207 3398 12105
1071 9766 228 310 311 525 328 412 386 349
1072 325 3931 296 1459
1073 223 12111 11652 8311 12121 245 717 10891
1074 3074 437 1892 716 9160 1767 2938 163
1075 12130 5149 1409 1151 9877 204 1155 228 703 7885 64 207 423 3300
1076 12137 2842 11682 12135 4984 12138 271 11652 12140 538 12131 12132 11655 3004 619
1078 163
1079 851 898 6453 3186 4384 1298 4069 4058 1863 3328 10401
1080 325 1429 681 349 377 1047 646 705 4709 686
1081 424 2137 7822 228 207 1515 12170 7091 209
1082 5412 207 271 9108 437
1083 1505 3398 3489 376 12191 6454 4618 204 4177 184 209 899
1084 64 207 1073 423 432 1394
1085 12198 12205 12203 2575 622 12197 632 12201 2573 7382 2276 1747 2572 11968 602
1086 2265 9428 1383 9084 7286 12211 4557 554 1105
1087 424 432 4649 228
1088 412 898 223 1185 2080
1089 1203 1069 1295 9 1205 1296 31 30 858 1298 1713 1886 13 11 5581
1090 2244 12256 12259 12268 12229 12241 12237 12233 12263 12243 12260 5353 12234 11074 12254 12267 12266
1091 518 486 377 7898 12277 898 426 310 974
1092 317 1383 12280 64 5150 311
1093 3660 957 2746 15 2068 12284 837 1177 1338 189 2446 4069 1113 1124 518
1094 10515 1385 10197 228 1151 7404 8479 220 171 12291 851 2137
1097 518 58 3081 359 1463 7157 12309 423 362 178 9234 1459 722 972
1098 57 93 9144 1208 3417 5197 7352 1383 58 1782 1824 603 3081 12315
1099 10017 163 3158 12316 183 58 1713 2031
1100 2026 12330 6730 4081 2472 12318 2369 1202 8904 8910 3417
1101 1203 11191 748 11131 603 2668 12340 1969 12333 2691 152 12343 1745 616
1102 2020 467 1394 538 1155 328 310 4732 1767 64 58 535 1486 906 3198 722 4028 886
1103 9869 362 1296 1295 7874 357 359 10462 1713 10182 1301 1704 9 2824 4876 64
1104 12353
1106 531 892
1107 4103 806 8258 1714 3082 1183 220
1108 1732 2921 1161 12360 2811 1965 12372 1943 6910 748 5411 3417 12363 3534 10556 2691 1619
1109 525 325 310 485 12379 972 646 265 311
1110 5667 806 6056 188 2850 377 2966 812
1111 1100 2617 12386 2619 1185 823 6611 2214 2959
1112 2150 152 12389 12299 3944 755 632 220 6463 162 2573 222
1113 349 1544 1507 6562 4696 11069 12394 239 4566 332
1114 424 220 207 1409 3081 2137 7532 377
1116 6384 6562 12268 11685 11076 11064 12261 1841 12403 11066 4696 317 9904 1544 12404 11069
1118 768 220 5111 489 3817 923
1119 12429 1455 12414 12416 184 4920
1120 296 485 4566 310 535 972 349 424 906 332 886 525
1121 681
1122 686 527 548 8649 325 681 6346 2841
1123 1732 440 12488 222 12495 5876 12486 7374 5549 12484 2267 12492 8460 12485 412 2572
1124 311 542 3200 310 349 532 686 325 972 518
1125 34 41 30 3530 3289 876 4875 1300 1253 12505 1295 11087 4871 3551 880 1203 1083
1126 412 840 808 923 220 12527 489 6120 3242
1128 9079 1609 486 2020 1455 898 2839 1590 7655
1130 486 1463 1394 1118 5657 1083 423 703 722
1131 797 456 646 12556 686 324 795 787
1132 1047 1450 325 311 538 3756
1133 432 5119 424 246 207
1134 12572 310 12567 510 5072 183 10837 12571 12569 3489
1135 220 310 325 646 1452 4291 265 296 542
1136 906 3404 5149 2543 324 1059 686
1137 787 722 1505 12576 349 1009 2391 183 5072 3873 968 310 525 9234 2064 529
1138 1134 152 6730 4451 867 3417 12201 9630 12582
1139 456 377 1023 972 646 12576
1140 2289 629 1964 1946 12604 11738 2417 554 703 1155 440
1143 1467 2035 407 538 2809 3375 4920 2071
1144 583 12083 12644 2894 12635 12647 2901 2842 2873
1145 1459 325 1047 797 456 1691 6454
1146 436 3568 1459 3081 1118 362 542 518 223 7091
1147 1997 377 4866 188 957 812 2975 12658 12663 12665 12661
1148 3295 3501 163 3264 1300 12668 3280 12670 2075 1715 1705 1073 1797 9540
1149 9632 12674 1985 851 12677 436 1083
1150 12690 892 681 3609 3583
1151 4177 495 510 1859 7780 7724 8244 4375 2652
1152 1510 4230 851 11712 4108 10080
1153 171 207 228 12726 9629
1154 12742 12740 4123 1800 12733 93 12735 5256 12734 1900 782 1705 747 12288 592 175
1155 1964 12756 3280 3702 12492 3695 1950 3335 10558 222 440 2921 1943
1156 162 3414 4177 5966 632 407 6046 486 621 3334 717
1157 808 357 8726 12777 12538 486 3245 1859 1704 514
1158 4162 209 377 6461 538 4103 2959 2873
1159 188 1380 4177 2002 152 377 163 837
1160 3200 209 6123 220 412 1201 10496 6120
1161 171 1429 2100
1163 1892 30 2901 163 1713 8998 880
1164 3186 11630 1065 11331 5149 627 12827 93 12821 424 296 12823 2486 2470 8140 11638
1165 228 1713 436 220 12832 85
1166 768 12838 12842 12865 220 12850
1167 424 782 748 12876 3863 7021 747
1170 1556 1515 2815 424 1988 228 898 207 437 3200
1171 787
1172 163 1009 4332 518 924 4331 936 4341 2975 328 7191
1173 1964 627 6151 748 440 1073 2487 603 3280 3279
1174 2785
1176 209 808 386 412 5666 923 823 834
1177 510 2652 8361 8728 8724 9400 9187 4746 8244 4177
1178 1515 12961 6865 4474 207 424 349 12960 12958 1767 12962 12959
1179 308 328 7868 228 538 1509
1180 2132 531 228 3316 527 8173 310 1409 6902
1181 6910 748 1164 12976 2486 8680 3280 3434 858 1253 10163 1964 12495 8150 1886 12974 6217 12330
1182 1176 616 1943 632 8782 237 1401 1716 5966 625 6048 162 437 748 1118 6187
1183 1185 2080 1274 2850 412 486
1184 525 328 532 485 886 58 3069 310 12987
1185 8141 58 3502 12988 12990 228 12991 896 12994 1609 52 886 2149 423 2137
1186 535 311 349 485 906 548 531 4252
1187 440 2280 2276 3208 554 5549 2265 629 12998 2401 2289 4058
1188 1609 548 3200 64 703 5149 432 423 207 3502 1409 6453 532
1189 525 686 1452 531 349 485 310 543 1047 325 328 5150 797
1190 8215 1155 4038 440 1409 4022 432 9011 13010 1964
1191 1380 2901 1397 1394 11253 220 1081 163 1836
1192 220 9344 1824 3310 436 1985 453 424
1193 1975 3640 1650 3650 1984 4805 7038 1978
1194 12288 1705 4920 858 4923 11309 228 1943 898 13035 4734 2478 2446 13034
1195 2906 13049 1964 11463 13057
1196 9344 5780 489 220 412 510 453 542 2794 705
1197 4258 10640 325 797 9299 681 3397 1698 456 1556 686 13064 3327 1590 4488 1459
1198 209 324 328 485 686 207 386 325 2137 548
1199 8812 163 1515 8311 717 2636
1200 1153 711 163 220 228 380 13079
1202 627 3289 58 4447
1204 3147 748 2921 1969 222 1946 603 3131 5353 1620 1627 11204 1622
1206 13116 957 2075 2265 5692 13112 163
1207 220 924 412 10717 13127 13136
1209 91 85 13159 13156 1899 1073 183
1210 1892 996 85 3280 6350
1211 3430 997 3280 13176 13177 3279 13163 13178 6780 3890
1212 898 220 4255 6186 58 2424 10554 13179 211 163
1213 1028 30 1298 13185 10720
1214 6120 8259 13211 834 8881
1215 13219 4252 3081 11240 13216 426 4618 896 9976 962 8977
1216 486 324 209 6453 8884 4255 6463 1105 228
1217 11421 1383 13227 13228 5437 8479 362 13230 898 4810 8676 7644 4618 3258 1463
1219 535 207 8674 184 58 722 962
1220 432 183 5150 436 3502 886 4384 228 5045 1556 437 1009 58
1221 13253 4224 11553 13246 412 12492 13236
1222 350 906 1459 11725 349 1081 456 328 467
1223 163 8267 228 9888 583 5150 1752 93 2901 7650
1224 2842 6958 12059 581 8114 11917 12123 583 2894 13272 13274
1225 1713 52 518 851
1226 265 377 677 13281 13285 542
1228 3417 2716 220 1229 152 163 747 603 3528 1947 6048 6160 881 1411
1229 972 10717 968 1433 6319 3316
1230 3505 1743 13318 13338 1762 13331 13308 6764
1231 163 5073 13339 2901 93
1232 1151 1083 30 1886 2938 13347 1713 3472 13343 5913 3280 858 4973
1233 3397 535 1409 13355 13351 386 310 5178 13356 906 532 886 13352 4153 9134
1234 972 9656 1892 3367 3501 13364
1235 603 7260 11510 12315 163 377 7507 592
1236 1118 2479 11021 377 547 2474 923 808 453 2366 1401 1409
1237 1153 1155 222 1511 310 13079 13386
1238 5235 437 228 436 13387 3310 163 573 8649
1239 13393 220 6724 424 1767 171 962 152 188 228 163 10418 204
1240 13396 1700 163 207 11234 11958 1510 554 7376 13400 13401 2532 7387 6048 13398 632
1242 163 8333 1510 204 13409 1714 3877 8910 1118 220 2835 11510
1243 1797 424 7532 453 412 9344 1118 5216
1244 207 11234 12726 4732 13427 851 13418 13417 5229
1245 3341 3769 1105 209 2815 1201 8884 486 3082 6298 228 13431
1246 13435 13437 64 12734 13443 13436 13441 3991 184 2075 535
1247 531 386 1700 686 13445 310 4920 681 3397 325 328
1248 11240 5789 311 13446 1556 3081 3796 575 3321
1249 3230 3313 3289 9321 12083 13454 222 13453 2222 1083 3444 163 880 1203 245 13451 13450
1253 325 543 5594 349 2080 1047 646 542
1254 13510 13504 2300 2716 13499 8431 748 10719 3417 2298 2308 812 10663 6961 188 4613 152
1255 3200 962 440 436 437 204 525
1256 13527 13522 13515 13524 13521 13526 3335 3621 2276
1258 1879 4156 3430 631 2488 13532 3444 2938 1083
1259 6194 209 5437 486
1261 204 703 58 5745 237 228 246 622 231
1262 1698 13545 12254 12268 3316 13546 12261
1263 325 4709 7452 324 2645 637 8718 377 7448 3873
1264 220 163
1265 437 755 1747 207 162 64 2137 632 6217 2582 13558 8215
1267 412 13567 188 163 957 924
1270 3670 527 412 2850 538 6453 3621 1383 1100 184
1271 7157 13585 11676 11646 13586 7644 2265 4123
1272 412 486 681 646 209 686 324 538
1273 7415 972 6876 3184 13601 6397 228 1300 407 3186 755 1494 1385 2038
1274 8311 13606 2901
1275 163 3156 423 13607 554 437 11739 4384 58 424 380
1276 13622 3043 11993 412 13612 13625 2575 13629
1277 207 220 538 899 898 184 3258 1047 453 9193 424 222
1278 1975 2084 8761 9684 5530 1057 332 325 531 1009 7868
1279 1735 207 5927 2068 632 13633 1747 8836 184 3817
1280 906 851 1591 10080 716 58 13634 535 222
1281 152 1118 13638 9344 1701
1282 547 3756 1383 3300 8510 1886
1283 325 1459 686 1590 681 324 362 456
1284 782 5411 2504 2668 748 11128 2691 1222 616 1073 1969
1286 11181 5549 1964 13669 3280 3279 3294
1287 9226 2756 3239 6 3 5667 2835 6289 7925 923 1521 9540 15 48
1288 13695 184 2265 1972 223 245 207 13686 1941 3316
1289 231 1947 440 237 6409 748 1964 621 2267 632 222 1950 622
1290 13714 3081 6454 1383 362 4447
1291 183 4709 13715 5745 703 5150 962 1081 265
1292 13063 456 1590 4291 3327 4294 1059 325
1293 209 3328 4255 228 2959 2785 5079
1294 686 313 4291 209 525 681 2177
1295 207 10418 632 424 412 1515 703 163 162
1296 1338 4605 834 2966 957 152 15 812 4971 163 1411
1298 386 3397 906 9847 1459 317 310 1589 7868
1299 6862 646 518 13732 163 535
1300 906 1556 972 548 349 2024 296 2022
1301 972 3200 265 325 535 2022 525 906
1302 858 1761 1511 5439 204 424 1515 1556
1303 228 632 436 219 424 1510 207 13738 1779 1515 162
1304 2020 13741 332 386 1429 686 1428 1430 543
1305 349 543 311 317 686 575 1452
1308 325 311 2024 349 362 296 518 265
1309 4058 220 881 867 13751 1083 13752 13754 2823 163 1118 13750 436 4069 5549
1310 2127 2276 525 7736 3431 2265 10184 2815 892 681 310
1311 10988 332 12403 11082 13446 2515 2393 4566 8765 317
1312 2835 5969 808 1105 7728 491 13775 1185 13772 209
1313 162 13454 632 152 2828 622 13398 748 2281 13778 858 2582 11181 2771 2640 211 1964 5423 223
1315 13796 13829 13822 10364 13813 7259 8975 10041 7472 1845 13827 13820
1316 906 681
1318 532 1047 3949 209 228 542 1486
1319 4394 362 207 209 1520 3915
1321 4251 4115 1520 2364 424 2280 228 2821 13844 1988 1510 2789 207 538 703
1322 3528 183 3132 95 188 13848 1203 1401 748
1323 3398 755 9986 4917 412 486 6010 209
1324 1521 13878 13873 4605 4611 2749 1533 163 3417 4335 4965 13877 6658
1325 13880 9344 13887 881 632 2835 13884 13891 162 13882 853 13396 9916 6730 9920 1202 13889
1327 1892 1886 91 9255 4978 997 175 1006
1329 2628 1515 7352 13908 2815 219
1330 13913 10333 13932 5119 10363 13813 10336 12137 13915 220 1826 1606 13917 1953 7259 13914
1331 1237 5150 9713 152 13943 13935 10418 13941 3420 426 11434 6046 9700 163 436
1332 686 308 325 1433 349 4814 328
1333 222 716 629 1155 432 4115 5439 622 207 898 9823 8493 228 6202
1334 543
1335 6168 6151 1164 13948 625 1945 748 616 7352 603 756 1222 13952 9321
1336 1083 1713 755 162 7038 3650 377 3683 220 163
1337 1409 4732 424 207 1988 3186 6544 716 3200
1339 220 2850 377 968 228 424 9766 1384 538 1194 328
1340 5636 3444 13968 13967 4212 10662 840
1342 8431 4971 2312 806 13988 9045 5297 163 6961 2471 1411 1747
1343 1713 936 2789 1714
1345 3444 14002 1411 14005
1346 1455 377 1704 531 313 2619 9684 14012
1347 14019 12123 14013 14022 14034 3024 2894 14020 14021 583 14024
1348 377 681 1459
1349 6187 237 486 489 808 7183 538 220 377
1350 1394 1338 163 922 220
1351 3404 531 1455 14055 2549 6124 2020 4814 7868 325
1352 716 222 3799 1561 1274 40 3997 228 8910
1353 837 1188 834 808 486 2975 412 1863 377 4947
1354 424 11739 4115 2582 2137 2424 8674 228 207 222 432 4089 3279
1355 204 622 3258 4069 211 2424 223 4058 3158 6390
1356 4814 386 1441 325 308 543 311 349
1357 3877 8812 14072 583 14020 14073 14089 574 592 2999 14083 6458 10358 14080
1358 1533 48 5603 1521 162 1134 2370 14093 14092 152 188
1360 5549 1105 11552 621 2627 223 222 424 6298 2532 5437 1824 207 440 6217 629 632 220 3258 211
1362 1650 377 3737 11042 808 3434 3444 14118 936 14107 5262 5636 14108 14117 14110 3442
1363 1183 703 324 548 968 209 6453 518 1188 936 1185 412 4434
1364 554 7130 2873 1177
1365 543 325 328 310 5529 1459 311 525
1366 1409 1972 1440 328 1397 486 1511 377
1367 14139 11463 2289 14141 8267 14136 6633 592 898 14137 14147 14142 14138 527 2470
1368 14151 349 209 486 1700 377 2446
1369 14153 2020 681 538 324 377 13720 4767 486
1371 755 3737 14155 2771 14162 1237 768
1372 2137 486 432 1789 1714 424
1373 5650 9187 4177 8728 5745 924 14186 14189 11222 716 3124
1374 2959 1118 518 228 525 207 489
1375 152 5667 8278 162 805 2572 163
1376 4201 412 4255 1185 220 6461 518 207 486 1674 5149 5426
1377 412 14206 1650 7724 1100 209 808 6765 3737 6463
1378 3456 231 3310 1969 3279 2716 2285 748 6409 6335 2478 163 602
1379 548 972 3327 14219 3081 686 377 14220 4488 3489 325 311 1459 535
1380 424 1188 1185 184 228 220 2785 412 207 2150
1381 5480 896 5927 632 423 3310 748 602 1688 2821 703 362 14222 11716
1382 547 1622 1959 1620 259 278 1627 6321 10556 1946 11360 1943 3355 14232 2252 14231
1383 58 962 163 237 5480 228 207 14233 703 14236
1384 13219 14239 5437 12273 4394 2454 1650 1797 851 525 178 4258 64 3200
1385 3375 538 3404 7898 797 12280 686 548 681 14242 5565
1386 5914 2124 2298 14254 2332 178
1387 486 972 5480 162 2582 423 2612 531 5111 1151
1388 2137 681 3200 4028 207 1452 2080 543 2549 2084 686 324 2020 531 209
1389 436 424 622 207 440 5235 8756 432 231
1390 163 424 3200 443 436 1515 1486 209 4802 3769
1393 4875 1253 7078 7512 1297 41 3196 4874 11331 3087 1203 6873
1394 310 228 13715 349 1463
1395 1943 440 1627 2281 629 2921 5150
1396 7422 1337 1526 163 3780 9344
1397 4341 14308 10125
1398 14327 538 5080 14329 14323
1399 1450 797 349 543 2020 686 2543 325 681 4814 324
1401 1433 328 1081 5073 349 525 485
1402 9332 867 2487 436 14344 220
1403 716 412 207 9160 209 377 1201 1047 768
1404 211 223 2640 219 554 602 632 2424 3258 2281 440
1405 222 207 5150 622 629 3258 1941 602 3690 440 211 219 716 2424
1406 3690 14348 703 14347 3689 14352 2582 882 237 228 14354 2627 14350
1407 2487 9823 2539 7725 1384 184 228 424 554 851 171
1408 7038 14372 10616 2716 6621 3335 14362 14361 14373
1410 681 12918 797 912 2446 7276 14388 1459 377 237 6217 4923
1411 163 2070 3478 4649 12137 14394 3821 184 14396 1800 5624 1743 14392 8229 14395 748 10968
1413 525 1452 377 543 4561 209 531 686 328 1455
1414 2829 2850 3621 7183 808 220 377 3769 436 228
1416 1977 1515 622 171 5439 8840 207 424 228 231 703
1418 1188 325 486 14444 1185 1636 377 768 14443 5961
1419 9193 2627 5481 14451 2526 189 14450 489 377 538 362
1420 4793 228 7351 207 1394 858 440
1421 14456 14468 14461 4354 4451 436 200 14469 6730 1380
1422 223 486 412 6052 3398 228 2150 436 768 1384 1183 4074 220
1423 1047 1436 2645 310 386 325 681
1424 163 2850 424 1761 3026 1185 1151
1425 532 703 11849 14476 485 423 8676 8649 3404 4252 14474 548 1609
1426 7681 3611 14072 14485 14089 14507 14483 10543 892 14501 14494 10630
1427 30 631 1073 603 1298 14511 997 3863 1892 1886 1253 7344
1428 924 207 2664 1274 1521 542
1429 311 681 543 325 909
1430 1105 3321 228 5423 1520 6298 716 5437 8307 840
1431 14521 265 3307 791 10022 2075 12961 246 2024
1432 5072
1433 14529 3991 207 7655 6232 265 2664 3947
1434 972 14538 386 12959 310 1429
1435 265 525 4696 4701
1437 542 328 349 377 14553 4474 686 10992 1452 1429
1438 5441 204 231 705 5453 437 452 228
1439 436 152 6724 10416 7140 892 1118
1440 265 3376 10459 7452 14578 14574 11249 6713
1441 437 2134 1515 10657 2265 4247 2821 207
1442 3027 4103 486 1982 806 768 5966 823 808 805
1443 705 2848 163 924
1444 412 2850 3398 1201
1445 209 393 325 4558 369 1556 2803 1201 349
1446 486 797 531 14599 686 538 912 5149 220
1447 3404 2080 2020 2084 325 437
1449 3670 1384 9689 2265 8122
1450 207 5426 14621 7723 2080 1201 1185 8884 5969
1451 1782 313 3081 311 14626 5789
1452 313 5079 542 1183 486 209 325 324 2619 681 14628 3397
1453 386 2515 296 325 543 686 535 324 332 328 2020 349 4814 681
1454 85 722 997 220 93 1892 996
1455 296 1459 311 349 491 547 377 407 6693
1456 1383 8171 909 14638 13435 64 1505 453 1882 912
1457 531 317 377 324 325 681 310 313
1458 486 184 1047 239 2080 542 1021
1459 2317 2300 6730 223 9054 2320 6946 12330 1463 64 14254 3310 214 3258 13454
1461 412 386 525 1047 377 681 7183
1462 207 209 1081 436
1463 1155 183 14670 214 4735 14675 8678 9860 14672 14673 1897
1464 486 3870 2835 631 1118 2668 755 1706 8258
1465 184 3076 310 6865 9234 722 808 328 3375 377
1466 325 311 349 1459 4566 906 386 525 456
1467 8728 14702 491 377 3568 510 14706 11824 14704 393 12651
1469 424 486 163 209 220 207
1470 1155 231 622 423 1964 435 6187 211 440
1471 646 686 377 538 535 328 542 349
1472 1118 152 220 209 8503 2835 14726 6847 1151 407 12394 768 14728 40
1473 10964 1486 328 9684 1455 3708 1609 324 527 547 2132 14735
1474 1965 2174 8510 2149 5927 14743 2691 602 3670 1745 183 64 11200 748 9766 231
1475 1440 2068 1943 5487 332 14749 5150 328 3316 5216
1476 5678 2020 1047 325 6693 1455 531 681 324 377
1477 14766 14752 9766 4734 11200 14772 14760 14780 14754 11202 14751
1478 548 324 386 423 681 532 332 686 325
1479 1155 823 489 412 547 220 14794 826
1480 209 972 1609 14798 13714 1863 324 7868 7276 3769 377
1481 1650 14802 412 9888 1515 228 4196 207 377 424 7650 209 1520
1483 1188 486 538 377 646 1047
1484 10320 805 14828 14833 7260 808 3034 3043 5638 840
1485 5441 4709 207 3310 1663 14845 1161
1486 377 1083 716 207 1515 851 424 85 220
1488 2001 14878 188 14886 1172 14879 163 950 13211
1489 209 909 377 14888 7290 518 3873 310 491 265 486 349
1490 14895 805 14894 834 1338 12658 3543 3806 808 14890 2009 823 923 14891
1491 207 525 228 2693 1978 1409 432
1492 3404 8761 968 10992 1009 525 362 486
1493 1565 2446 9927 14908 5040 1551 4965 11936 14919 14913 34 3417 1561 6983 14914
1494 424 716 525 1520 209 14926 10717 349 5236
1495 14942 3294 2828 7379 632 162 8680 11592 8633 6048 14937
1496 716 1384 2691 1155 1073 443 1151 1713 436 3250
1497 14959 14960 7057 1411 14967 14961 14948 14954
1498 867 3920 1083 7533 7157 14985 11602
1499 15005 15008 15021 15028 15027
1500 2265 12668 13882 15038 1298 18 15033 175 1295 1303 9
1501 839 3997 13431 829 4004 842 15049 15048
1502 3502 9860 703 15065 858 2572 13882 4153 1155 423 5074 3877 6583 57
1503 510 15068 1118 547 15074 603 1434 489
1504 1738 15086 15087 603 8790 3200 1969 1409 1824 1397 64 1394 8868 6046 15085
1505 1787 1713 377 14760 10182 489 64
1506 851 15100 432 222 858 237
1507 14540 4701 278 15120 15101 245 15118
1508 207 424 538 436 163
1509 220 328 2080 5594 207 538 4474 4463 377
1511 11252 486 646 542 349 797 456 386 1459 538
1513 3300 4802 2738 1380 851 2478 3870
1514 5073 603 1892 93 1886 58 1836 3289 175 1900 997 163
1515 15145 6713 5752 5535 543 906 265 12958 15148 13741
1516 7452 2031 220 184 6123 3074 349
1517 311 239 538 310 485 4619 332 1556 359 548
1518 2265 15159 851 1947 222 867 15161
1519 1047 207 2959 3367 972 486 377 424 1185
1520 58 1095 207 15165 1384 2815 4224 209 532
1521 4814 10808 311
1522 4028 808 436 15173 1155 163 207 440 4387 1738
1524 4833 886 3200 412 2628 4208 3737 15181 424 200 222 40 220 1105 603 15179 10564
1525 8960 311 10317 386 310 357 1698 4767 686 325 797
1527 6608 5439 2137 207 1194 223 5029 228 1988 12918 432 14352
1528 686 2543 646 531 11252 349 332 485 542 317 543 207 1429
1530 245 1520 4800 220 436 2738 412 163 10793 3444
1531 3435 5421 13971 3417 15203 10742 28
1532 3200 972 542 310 311 332 535 349 1556
1533 15215 538 4696 5150 892 575 239 265 1459
1534 768 204 58 1705 2369 12288 377 3621 486 152 163 2850
1535 3081 6397 4810 1590 412 1047 686 15220 10318 2852 324
1536 220 15 922 3624 2835
1537 2841 5119 705 4709 2839 5441 412 6453 1047 184
1538 412 163 1151 858 228 486 424 851 1118 2323
1539 1988 1486 2821 716 15235 207 4291 3200 424
1540 209 3769 11995 886 787 906 324 532 518
1541 9869 440 6203 8583 58 3186 627 4732 11331 532 40 997 2938 7885 1738 15240
1542 1899 2031 997 1003 15249
1543 936
1544 183 7356 972 246 5079 377 3124 1188
1545 424 705 5421 200 6137 716 2938 851 7260 5079
1546 547 424 2815 207 840 510 5307 1988 13431 223 972
1547 5237 4115 377 898 1384 4069 768 432 207 440 5966
1549 207 163 4115 3200 1991 575 3877 15270 1515 1520 2823 171
1551 8910 1300 8904 1303 2369 436 18 1295 3562 1886 6547 163 220 5949 4871 7078
1552 646
1553 4044 538 2478 423 1463 377 15296 4767 11050 1705 5098 5079 1300 5437
1554 554 12674 163 4251 3156
1555 972 310 525 311 349 3074 296 4488
1556 152 1113 1433 436 163 8904 1134 7802 3417 188 3264
1557 1965 1222 1835 15307 616 8510 1745 2668 603 11126 756
1558 2657 228 972 171 2619 1677 377 510
1559 424 328 1384 184 1194 207 377 4474 228 538 220 412
1560 3231 1455 3743 256 622 531 3769
1562 3200 207 377
1563 1440 10717 2394 13669 1436 787
1564 2020 1428 328 686 543 325 646 349
1565 1515 424 207 228 1510 4089 443
1566 703 207 547 424 2134 440 2137 412 2582 228
1567 518 2645 660 535 15351 686 5487 386 467 5845
1568 209 15355 7091 4474 1430 5750 4309 2080 325 486
1570 898 681 1383 5079 311 703 15375 437 1762 8715 1556 3310 1609
1572 646 296 349 906
1573 207 5304 220 12105 15378 1520 424 1663 437
1574 2738 1975 4089 1978 5845 716 220 3640 489 1520 10050 207 377 1982
1575 2289 15387 9862 2532 554 10428 15388
1576 15395 15396 15412 1083 13588 538 1782
1577 9660 7656 377 972 386 7868 660 10992 531
1578 308 386 906 296 349 543
1579 3200 228 4802 2823 1515 6785 424 1609 547 7211 207
1580 296 532 349 906 1459 377 325 686 15422 791 538 310 681
1581 5439 5549 220 11484 1383 4750 3200 222 3186 8479 898 840
1582 15431 11548 4434 4822 1105 209 5423 13515 5966 4201
1583 632 5215 237 486 1781 1984 851 13748 1151
1584 486 1183 2129 4255 3737 808 15448 4196 377 412 209 716 3082
1585 5072 15452
1586 3624 1521 220 808
1587 52 3164 968 183 223 1394 1151 1728 2289 152 4649 7871 3670 1118 1385 538
1588 2445 5649 2901 3583
1589 632 15465 4611 968 1551 14908 834 839 1533 823 3997 11936 1177 518
1590 3186 3198 296 532 1609 906 349 15469 525 64 317 3502 485 14222
1591 1441 349 328 310 325
1592 489 220 377 228
1593 11069 1544 4814 6346 332 317 4713 239
1594 4793 362 207 1977 453 377 424 412
1595 9253 717 163 228 1897 9513 3264 1892
1596 2127 220 1977
1597 8712 163 424 5079
1599 840 15498 412 6120 823
1600 332 328 548 15510 532 349 535 3397 485 886 7301
1601 2 3433 3435 3431 3432 8369 15517 1069 867 1083
1604 2370 806 9637 4162 486 1714 189 2 15533 4876 10867 3087 13 1081 968 1300
1605 486 432 310 328 8674 317 531 4561 1463 968
1606 1767 325 548 646 349 686
1607 797 543 1455 486 681 2020 686 1428 531 386
1608 424 716 15538 432 207 15537 538 886 456 1515 453 228
1613 209 1863 510 1401 808
1614 3200 432 10639 2978 1118 1875 5474 328 1787 15569 15574 377 532 15571 15566
1615 486 209 220 2738 436 412 808
1616 2022 265 296 349 15579
1617 3279 15587 15590 15584 3920 2938 13156 6458 554
1618 3886 1900 1253 15600 5913 10596 1205 15595 15594 1985 6650 15605 14511 6724 5917 3289 1897
1619 602 832 806 3328 152 436 188 377 3455 6
1620 15613 15619 755 4108 632 748 1743 3817 4208 15564 548 527 3222 412 5304
1621 175 15627 12315 6544 1752 15626 13185 1256 64 58 4871
1622 11631 2668 7259 1627 3280 4058 554 9997 10333 15641 527 15642 2938 5913
1623 152 6724 5441 13935 1941 3420 812 2794 6289 1222 359 188
1624 5152 15652 3690 1609 622 6296 6221 10720 14362 858 231
1625 15685 4649 14395 3270 15680 15665 15674 10017 2048 3307 15668 1800 15677 15669 5614 15664 15673 15678
1626 6137 15691 1403 163 2901 2842 4734 237 12050 57
1627 2265 9928 1337
1628 349 797 548 3404 5149 317 2543 686 485 328
1629 15703 592 15707 377 1705
1630 3257 1510 858 703 423
1632 1455 328 2080 531 308 11249 265 325 2545 543 4474 15740
1633 535 310 543 12044 1767 349 525 9528
1634 15749
1635 436 1384 1118 9632 486 5423 424 2572 1164 228 5439 220
1636 532 377 223 328 2080 184 1047 58 310 542
1637 3250 228 962 1510 426 223 437 423 9823
1638 15760 15754 6151 1229 14960 3703 1411 15761 3417
1639 163 2265 189 717
1640 922 1984 923 2794 15770 486
1641 1161 10358 11849 10134 629 10363 1845 575 1848 13913 13915 15772 627 10351 1892
1642 14780 1713 2824 15781 11520 15793 1009 14752 15797 14675 2149 15800
1643 95 801 2071 906 1047 11727 8676
1644 8564 13995 2746 4161 1081 10358 575 163
1646 1463 575 8020 1767 535 228 896 1688 310 548 1511 3126 423 12990 4252
1647 325 486 1975 491 681 377 456 328 912 349 13546
1648 5150 265 437 15823 485 8027
1649 518 486 1185 310
1650 7260 1796 424 3791 10753
1652 4920 489 377 3568 12651 349 486 207
1653 1083 423 30 8229 2478 4923 1073
1654 15869 2424 15865 5229 1622 15864 15854 15124 2640 15868 15859 1947
1655 183 957 163 188 6765 15878 15879 1134 152 8658 189
1656 2839 716 9701 2137 3898 703 548
1657 15880 756 1969 163 602 14279 1835 6581 15885 15889 15884 2668 3440
1658 3187 646 3200 1185 681 228
1659 637 14474 325 15911 1609 12576 328 7502 787
1660 3430 4662 631 3417 220 1202 15918 1533 163 882 3780
1661 538 542 681 9079 1047 207
1662 2222 15921 8173 11078 1620 15923
1663 296 349 2024 325 265
1664 12661 834 4177 7252 13431 5427 924 1809 2839 15927 207 377
1665 510 15942 317
1666 308 543 311 325 349 324 525 296
1667 972
1669 15973 957 162 64 2644 15967
1670 15977 1985 15981 15979 2794
1671 1274 10764 15983 15987
1672 703 5913 14435 858 3280 231 8678 15991 3886 867 228
1674 532 3200 432 15994 538 11249 207 424 209 453 256
1676 755 207 52 1984 3640 4569 1978 858
1677 510 1505 1863 377 9672 9963
1678 3074 486 377 646 2080 681 349 325 328 1429 686
1679 1298 3769 7078 1303 18 5079 768 3367 2 16012 377 486
1680 7157 16025 7352 2300 11438 15537 16028 12085 2320 538 4447
1682 7723 228 1183 4177 898 2839
1683 16040 4818 207 3743 632 3200 204 8504 4709
1684 538 2080 412 646 16047 184 9514
1685 453 436 1383 6724 432 424 4732 5439 220 207 228 12651
1686 424 538 1201 1047 377 716 207 486 209
1687 1452 531 1441 4474 328
1688 1383 52 204 1609 9484 246 703 1486 4153 362 237 5914 548 622
1689 16053 603 1969 748 1627 14937 1155 3697 1943 6217 3294 11204 2297
1690 535 16061 525 532 1781 3198 703 12105 548 5533 58 437
1691 5045 16063 16062 2137 220 432 4725 207 6053 1394 1408 1397 228 1738 4027 424
1692 5437 324 5338 6203 310 7157 467 228 898 1081 1383
1693 349 324 3404 377 972 525 686
1694 16083 16076 16084 284 13902 3346 527 271 14436 6329
1695 4115 1515 8479 436 1988 1977 163 1509 6217 424 207 228
1696 1274 152 4500 188 163
1697 10663 12243 4062 3147 16107 9834 163 16097 245 3163 3131 5353 9829 9596 16104 9833 3134 16100
1699 6346 349 543 525 6619 278 2252 1463 296
1700 2716 13318 16125 52 10891 4734 163 16133 632 962 11652 220 1835 6137
1701 3248 222 412 486 436 4196 755 3341
1702 2127 1411 2265 554 11501
1703 3083 377 189 311 16140 518 486 209
1704 972 906 3367 296
1705 11421 2815 228 2582 4793 1520 207 1988
1706 14840 1009 1409 1397 4036 5332 5045 328 1401 16157 968
1707 1985 4251 207
1708 1705 4069 11234 1155 2537
1709 163 2394 633 717 5237 15134 2026 16172 16175
1710 407 1700 3531 3886 2756 3528
1711 10761 1164 4810 886 5079 10041 8223 9629
1712 6724 1384 228 1812 1118 163 9344
1715 532 4709 8621 5977 896 1452 548 538
1717 296 456 906 531 538 311 3489 3081 525
1718 3126 896 575 5789 437
1719 15845 16238 16247 5256 616 11874
1720 16269 14108 547 11042 222 4197 703 16266
1721 16304 16290 8553 5417
1722 972 332 310 538 328 8020 1505 485 16314 15665
1723 16322 14361 57 1747 6151
1724 432 1991 748 3501 12674 8174 52 2716
1725 324 5278 548 296 311 317 10640 350 2020 906 325
1726 527 525 349 538 328
1727 2815 453 1155 1151 1988 16352 377 3258 1515 207 716 222 432 4089
1728 52 1836 423 2681 1713 3280 1073 997 880
1729 16357 1964 4058 14352 15548 4069 1947
1730 423 538 1797 542 58
1732 52 10663 603 1801 6764 8513 16373 6151
1733 4156 957 7650 808 806 16380 4375 923 2032 1650
1734 681 332 646 912 349 686
1736 531 962 13219 1505 324 16386 575 8718 1081
1737 2366 3817 755 1706 162 2668 5153 8258 220 5069 1100 16388 1701 10026 5966 1118
1740 1222 1394 1969 16405 3164 3132 629 2811 16407 1975 3248 603 4153 3502 2174 278
1741 432 424 768 5149 207 2815 527 547 2850 3200 6397 1511 4923 2134 486 923
1742 325 1429 9079 2543 424 548 3200 646
1743 4995 805 2850 16411 2967 5969 768 14444 2214 14443 1188 209 1185 2617 4168 1551 808
1744 4109
1745 4177 823 1183 8459 2572 223 8464
1746 220 1384 207 1977 228 9823 58
1747 603 2578 9997 3505 621 9862 631 8510 1720 12343 1620 237
1748 2951 377 7191 16426 1183 14628 974 518 548 686 681
1749 3328 3444 3456 3365 898 8649 220 808 2967 3242
1751 162 2771 4611 8458 11712 16437 1134 6048
1752 4923 1781 912 1688 10695 703 58 532 1705
1753 486 7868 531 1047 332 543 228 485 4814 386 328 3397 377
1754 1118 16447 1274 1705 5216 188 4690 2312 163
1755 2026 10164 2289 4027 1969 16467 16458 10395 2281 15641 6409 14670 10359 3703
1757 532 5149 5307 296 14802 328 4814 5537 525 2526 4561
1759 2252 5040 2850 2976 6621 514 9821 489 491 510 16501
1760 923 4022 163 808 1083 11042 768 8215 3444 1142 310 1409 377
1761 1848 16506 10142 12137
1762 1433 324 207 1985 5235 184 349
1764 6910 1953 16531 602 622 11487 440 231 1164 423 8649 527 703 3702
1765 432 906 548 377 703 2829 1155 2137 2582
1766 8605 906 310 886 681 349 3769 525 1450
1768 324 16561 797 328 207 3200 646 325 486 1429
1769 16568 377 349 9684 646 16565 1047 972 424 209 5149 412
1770 1636 2921 619 16570 5115 3355 8782 3812 661 5679
1771 16585 412 538 349 4291
1772 2627 228 1977 11204 412 5216 9262 2478 2738 453 424 220
1773 310
1774 4833 923 1735 603 631 867 16598 209 3551 1201 9 1650 3239 12505
1775 997 3912 2358 377 3922 3906 5729 2785 486 3907 9869
1776 1688 3200 3404 2020 686 548 4814 325 2978 1428 317 797 532
1777 9869 13185
1778 5020 220 1520 9160 237 152 377 716 1151 207 432 851 171 424
1779 3456 407 16634 4970 16631 1134 16643 4611 755 2573 16437 3417
1780 325 485 3397 681 349 797 1450 532 686
1781 2842 16649 220 583 9321 4251 8936 12726
1782 15 1732 9234 1065 806 12707 16662 4611 3991 535 3806 2716 256 3502 5421 1274
1783 163 924 220 705 207 228
1784 246 538 207 3743 4818 6453 424 324
1785 1738 16666 237 603 228 163 207 851 703 5358 2137 619 57 1824 1622 424 3334
1786 317 3404 16674
1787 2495 3279 220 16676 436 1202
1788 686 5752 2080 646 1047 486 2020 681 972 4474 325
1789 16682 6205 8591 16679 16688 9823 2938 16680 8493 7667 2280
1790 6137 622 858 204 898 437 4447 16692 5789 16691 602
1791 1459 11082 349 310 892 239 3489 308 311 2454 265 1556 525
1792 163
1793 2976 1433 5119 8159 14840 8160 15923 16699 5891 2222 16695 3316
1794 377 2366 16709 16352 9936 16700 16707 16713 4196 8884 3375
1795 265 548 310 532 377 686 485 296
1796 1036 1155 6453 207 209 16718 228
1797 163 228 716 486 703 1988
1798 5098 163 3502 1151 1892 377 1787 237 1713 2681 1510 1505 228
1799 308 531 239 328 349 6562
1800 4036 16732 532 4038 5149 1401 5072 1713 6547 6785
1801 1835 2674 3695 2668 1824 4230 2691 16746 16757 603 1945 10523 16740 1965 6404
1802 2627 1105 412 3341 220 6298 622
1803 16766 2454 16764 8850 2024 3199 16763 681 16767 16770 677 791 3397 6713 4481
1804 412 220 3200 2080 486 6120 209 228 377
1805 231 554 16779 204 163 858 436 5636 222 237
1806 527 1747 237 6151 2026 898 547 171 1732 8027 486
1807 2582 632 5966
1808 543 349 328 311 1459 538 325
1809 1650 510 518 489 939 412 377 924
1810 349 9417
1811 16806 349 16809 332 542 972 646 350
1813 548 386 1455 543 686 2657 2543 5150 681 532
1814 207 1520 1515 424 4793 716 1155 2938
1815 223 16838 8591 1384
1816 16841 11484 4750 9829 1394 5441 1818 6137 510 16840 1463 6466 432 3467 220 3670
1817 16855 377 3882 1081 3502 12370 1781 1688 183 15614 16850 1609 64
1818 716 16864 85 16859
1819 16868 10656 1059 4557 1433 13579
1820 328 324
1821 2020 1441 535 532 972 328 531 324
1822 13253 16887 16884 4457 13247 1520 3455 16883 4224 16877 853 16879 4197 16885
1823 8728 542 16891 377 4177 7157
1824 4618 1520 6298 7140 3258 12273 424 4022 602 4115 3300 222 15994
1825 3444 1459 3239 531 1185 1188 2381 3328 412 11042 834
1826 5441 525 542 486 1295 1988 518 3200 3186 3198 3769
1827 16905 6548 2472 1299 7080 3551 16911 9 1253 4875 1203 4876 11 16898 6542 16906
1828 538 1409 311 349 325 328
1829 377 532 423 686 209 1047 542 1609
1830 4802 538 220 10418 362 207 3081 436
1831 207 228 898 424 7351 4802 4793 1515 436
1832 220 207 437 222 423 602 1486 858 424 163 228
1833 184 525 1433 4252 328 1440 16918 308 7290 349 1450 311
1834 6865 16929 686 681 325 797 13546 1590 310 1059 16919
1835 1151 2821 2071 1897 90 1787 703 880
1836 622 424 7735 1201 453 4089 207 2612 8504 1183 11849
1838 310 57 58
1839 16950 881 4251 1338 2873 245 922 957
1840 16952 265 1705 6390 16957 16076 16956 16954 2465 2031 1147
1841 24 1300 3432 9540 9144 1299 3542 3551 1069 50 16961 13 34 6875
1842 6225 2794 3196 2366 2150
1844 858 3200
1845 10820 3920 5020 85 228 11849
1846 324 681 717 1459 386 4920 2265 1782
1847 17022 17041 17013 17044 17049
1848 13387 219 14356 17054 9971 2290 17067 6230 17065 17063 200 1748 14347 207
1850 535 296 16662 328 2022 1589 8718 6232 886 58 1047 532 906
1851 1450 797 646 686 1690 17080 3404 456 543 4814 325
1852 525 518 17081
1853 1222 3280 1142 440 6409 2582 407 1486 1947
1854 17118 17126
1855 5439 8479 1155 1977 17142 432 716 443 4115
1856 296 2022 4558 906 377 646
1857 8464 10564 2572 3341 12205 3737 4201 5966 3718 17152 4196
1858 923 957 2664
1859 17155
1860 17179 957 5899 922 4156
1861 3440 2921 2470 15918 9805 2026 851 3442 13612 1202
1862 8910 1977 13902 13827 207 12838 2821
1863 313 686 1690 2545 1428 543 681 525 797 2020 325
1864 162 13272 17211 4251 583 2771 9428 1747 554
1865 10977 6542 3558 1714 4800 3239 11087 3551 6546 489 6120 453 17231
1866 377
1867 5353 17265 17248 808 17251 17249 4187
1868 163
1869 9734 2308 535 17280
1871 9902 1505 17284 525 527 2454 239 204 311 17286 310 3489 5778 332
1872 4291 228 486 2839 2850 209 3187 6124 1698
1873 525 538 317 310 1397 349 491
1874 11204 2668 3169 17298 11762 2252 3132 10561 2921 1950 748 4230 1969 1745 6151 3703
1875 2059 10613 453 423 3258 11603 359 2850 1300
1877 1705 162 1988 163 207 17320 2771 3812 489 432 486 17321 171 5423 1510 4805 2137
1879 163 1789 188 5423 220 1622 1118 1975
1880 4814 2020 543
1881 538 4978 5532 4975 17330 17331
1882 17333 17338 17357 5326 17371 17341 12135 9720 17369 17358 17345
1883 11289 6780 8676 10110 2289 858 6217
1885 748 1383 3417 17394 4230 1700 3208 8027 3703 621 15760
1887 14391 3472 1113 2370 17401 188 7802 1726 13935 4613
1888 489 6160 17411 1946 222 6151 6186 377 2738
1889 11501 163 554 4251 10412
1890 17436 9821 510 278 8726
1891 2824 4734 2681 2154 17454
1892 16840 10182 16892 2265 3983 3489
1894 349 974 204 184 9902 1459 311 310 17284 317 525 527 3489
1895 310 538 332 317 525 3200
1896 5969 632 8459 3621 622 223 805 1100 1401 968 768 2850 755 823 1394 4103
1897 412 278 6633 527 547 11685
1898 10016 10640 518 972 909 325 10017 265 542 4254 17477 310 359 1691 1428
1899 2446 538 432 436 542
1900 997 6780 3279 58 17478 1083 3280 85
1902 8392
1903 1127 1511 2024 548 972 1556 3502 538 906 532 310
1904 204 15527 7404 15038 858 2265 17498
1905 4199 962 9959 6687 15889 17501 5782 1164 17503 3258 3689 1095
1906 486 377 183 6453 542 2080 220 3200 5966 1185 538 3367
1907 95 2681 627 8513 748 17531 1787 17526 17528 17515 17514 17513 1411 15086 5173 3280 16666
1908 310 349 328 220 204 184
1909 542 681 209 1505 3200 4802 325 535 220 453 377 962 467
1910 532 1609 58 5150 703 1383 3502 5891 423 4032 548 1409 5149
1911 1510 207 424 1520 703 3200 5549 4452 1515 4793
1912 17555 9679 6619 9681 2252 7874
1914 2894 17568 2842 2873 11124 17564 4196 11667 15027
1915 1155 4732 485 1964 14222 535 58
1917 4814 4566 317 3200
1918 15889 10412 412 4069 554 4394 11179 2265 209 1380
1919 1515 5439 424 2815 17619 207 2537 1988 228 443 5417 432 716
1920 486 538 412 6453 1674 209 188 1047
1921 1021 377 14153 2619 808 646 686 386 681 15995 5530 7865
1922 207 2582 3026 12201 898 1966 15122 214 407 629 3279 4115
1923 7352 17626 1111 514 1118 3310 13436 14926 7540 4965 188 204
1924 162 703 2959 2824 3822 377 3034 359 17630 437
1925 209 1188 768 2850 486 12386 1863 2383
1926 886 887 3300 64 4810 58 10110 1081 10685 17641 13393 5549 532
1928 575 64 2301 13281 10142 17647 2332 17651 15973 4069
1929 1886 1203 1463 1298 3289 12733 1705 163 4255
1930 17657
1931 603 52 748 547
1933 5045 163 631 3444 3289 3310 3431 4062 17706 17702
1934 10233 2746
1935 189 923 808 2959 1797 486 1183 2738
1936 424 10418 6724 4819 17736 5745 220 246 1761 962 436
1937 4818 486 646 377 739 163 9187 705 3313
1938 3258 17745 424 3341 2424 1782 629
1939 7900
1941 1201 17787 1105 324 716 10318 424 1515 8244
1942 1827 17802 58 1836 1713 17801 17803 17795 13558 2487 5152
1944 15 1127 837 163 17811 923 17814 2370
1946 4147 575 518 1688 5079 7157 265 1556 936 5678 58 296
1947 748 152 532 64 4177 703 1118 228 808
1948 486 646 11718 228 972
1949 1515 11950 228 5439 4115 424 1520 220 207 432
1950 972 3186 898 542 703 6217 1118 436
1951 3258 412 440 12918 4199 17849 228 4387 4802 10564 4354
1952 6724 4818 11484 453 1761 3391 228 2815 6217 207 5441 4709
1954 485 5678 2978 491 278 317 328 207 377 9684
1955 7826 3775 602 17870 4779 17876 898
1956 1705 1064
1957 1105 892 412 527 17884 6298 3587 3583
1958 17887 1899 17889 1203 8676 17885 15593 997 2938
1959 1429 7434 209 646 686 3200 325 681
1961 317 4696 681 686 547 1459
1962 432 3689 2815 9860 6847 15122 10248 17904
1963 4917 412 892 386 4923 686 2446 1459 296 265 349 532 525
1964 11463 2134 4089 12821 14435
1965 17914 17913 2022 239 349 6562 748 686 4566 58
1966 2539 220 716 424 17917 808
1968 220 4800 16950 377 2975 2789
1969 8504 1636 223 1455 2906 2909 2921 1946 17929 527 547 17927 248 1616
1971 5638 17938 426 17940
1972 17956 3440 152 2811 4108 1835 1824 603 2668 1801 747 748 1222 782
1973 1505 1714 310 265 1081 1300 518
1974 424 3494
1975 1969 14760 1953 1222 748 1747 3541 8510 1943 17965 1946 17960 11520 17961
1976 2300 6960 17981 214 2307 163 2312 162 6397 1151 17982 17067 8429 6961
1977 113 436 1735 3905 162 424 423 17990 237 621 207
1978 3083 220 17991
1979 525 1463 58 5149 386 548 1081
1980 554 602 11739 4618 8649 1511 7826 204 1743 892 1609 377 18000
1981 95 1105 1383 7667 11253 4515 11910 3484 2803 6217
1982 432 755 1700 1561 3043 1743 18010 3501 703 5604 842 722 1705 163
1983 265 787 532 436 1486 310 525 547
1984 2168 2959 1927 188 514 924 2850
1986 163 3093 2664 2746 957 152 380
1987 2369 881 851 223 3645 12495 3264 7140 10026 3670
1988 9157 686 795 328 1428 3905 4254 3187
1989 3863 18029 18058 18048 18045 18043
1990 2915 16501 1627 1943 6046 2716 2252 3708 14451 1959 6629
1991 18072 9672 2921 3532 2828 603 18076 436 271 2252 11128 1083 5867 4074 1994 1620
1992 223 40 3444 228 622 436 3622
1993 8676 423 962 15819 18080 18086 4196 9319 2829 2264 632 18089 18090 17744
1994 5412 3186 207 4810 6203 14845 18091 3200 426 972
1995 2691 486 898 18095 1105 7724 3164 220 2850 377
1996 1433 2232 15101 18104 527 18103 1401 6903 2222 18108 1620
1997 554 163 412 4133 223 2265 220
1998 486 14239 424 1105 3200 6453 705 207
1999 1781 1796 1985 3236 1218 8726 8223 5079 1118 629
2000 2927 2031 6621 18121 328
2001 923 8259 826 4284 518 1274
2003 1800 3551 2691 1700 11652 17783 1745 12330 867 1332 64 5709 6667 1222
2004 1505 12130 5079 377 6542 12291 324
2005 3505 603 18180 18174 18158 3529 18170 18166 18161 6043 18182 13318 18160 2811 18184 1411 18186
2006 9672 10517 1965 756 748 603 2668 64 1835 1945 3541 1801 5028 11208
2007 1533 9208 412 1202 13622 18205 9128 13846 3780
2008 424 1515 2821 2134 377 924
2009 437 629 163 424 1409 1609 4810 426 440 228 896
2010 207 2815 5423 1714 4793 424 377 2652 228 1988
2011 1081 1824 4553 228 3114 1383 220 18216 1556 3881 204
2013 1747 220 486 962 432 4998 424 3870 207
2014 2938 4123 3264 997 436 3280
2015 40 808 152 163 806 7260 188 1994 2381 8782 1118 2966 2155 18227
2016 18231 4404 7492 58 18243 1824
2017 432 4022 9766 1409 1408 1394 424
2018 681 3081 311 325 548 18263 456 4291 386 543 1047 296
2019 4177 542 14185 4750 7252 1383 899 8724 16709 8244 9187
2020 423 440 486 547 703 548 1978 5149 228 1609
2021 325 310 18270 548 2020 1459 1450 296 681 686 3404
2022 2794 18271 486 2080 11718 377 518
2023 797 324 1609 1452 686 14599 543 1047 2020 681 1690
2024 6202 5215 10110 4116 237 4074 18280 436 716 1151
2025 163 3289 18286 18295 13176 18300 4590 18298 436 18288
2027 4177 16709 4746 311 16568 228 18306 324 548 2137 495
2028 2681 2668 5154 3164 8214 1965 18316 4734 18315 1222 603 756 12495 2691 1745 1787
2029 5441 183 152 1738 4725 887 4732 538 2137 1812 3186 806 18322
2030 162 18330 1747 632 2312 11739 64 223 486 10613 3132 278 6758 17981
2031 3404 296 525 310 4255 3375 3184 4814 972 3397
2032 898 703 962 424 8676 1609 436 2134 622 440 858 18335
2033 228 2137 324 548 4814 3200 424 538 5149 3404
2034 486 4452 7657 10618 2815 1384 424 228 207
2035 6910 717 18339 10766 1964
2036 5250 3920 18363 4153 10891 633 18365 1095 3905 52 1136
2037 310 296 1452 3502 4814 317 525 535 543
2038 310 328 228
2039 4074 90 538 5072 184 171 1384 4036 7157 310 1394 228
2040 686 906 681 1105 548 6298 228 538 6693 437 962 3404 886
2041 1194 1185 1380 209 1092 377 220 2839
2042 163 837 705 957 4849 5453 380
2043 412 2617 1201 1185 6463 3398 3793 222 13526 2850 2572 2270 1100 5966
2044 18375 219 5914 621 423 622 703 4153 602
2045 17138 207 424 508 163 2582 1796
2046 2038 5653 34 1714 518 1704 923 13 1300 9 3239 6875 2069 1113 377 18388
2047 3307 1092 5237 2716 1801 1083 3280 1713 603 52 18391 2681 13669 1824
2048 18401 18403 8152 18402 7352 8266 3264 18398 18411 6571 265 8803 10412 8658
2051 5620 18431 18432 755 211 3280 18433 632
2052 163 18436 1892 717 11630 2222 10219 18435
2053 972 518 7103 18440 923 4343 837 2664 2370
2054 2020 313 686 797 1452 18441 325 681 2543
2055 18443 16238 407 1083 1886 18447 9144 9 1069 18448 3432 5079 18
2056 18454 3307 12138 9734 4331 3863 7191 7099 13351 3429 15665 15685 2069 518
2057 412 362 722 898 2738 228 4371 3737 437 324 3398
2058 1009 349 2446 1081 1984 15574 1380 412 525 485 2829 906 328 183 3502 1463
2059 317 1455 1620 16891 1183 525
2060 18467 812 6289 18465 2370 8247 9222 1271 6798
2061 6232 681 8718 386 18472 325 5683 906 543 317 308 1459 3499 349 7656
2062 184 1511 3081 228 5437 632 231 1147 7260 204 4920 6390 424 1705 538 8504
2064 4074 1151 2959 18512 548 377 486 2839 228 1510
2065 532 325 393 377 5575 18517 686 531 350 409 328 4558 518
2066 4156 18520 2370 5079 8405 18527 2038 9637 18518 1300 5610 2 1704 923 14728 9634
2067 18541 829 3043 18531 2214 6837 7724 823 18530 5667 18528 8459
2068 228 9234 10640 386 8021 968 2934 518 3489 535 1590 972 265 3890 4254 14628 3307
2069 207 18551 16823 5079 898 1105 6454 3081 486 6194 453 2526 362 6298 3074
2070 16891 542 486 4309 1455 220 4822 808
2071 535 18556 2064 265 1430 686 795 310 18557
2072 386 18564 325 11718 5437 3489 1021
2075 3349 1713 906 3562 18572 1892 535
2076 5437 209 5079 972 542 207 10401 5745 3200
2077 1714 2785 972 486 220 209 4074
2078 1274 2842 962 5453 1975 220 13351 489 510 15215 3169 7352
2079 6453 686 2980 1059 1459 2427 456 1201 324 1105 18582
2080 2716 1827 6583 1836 58 1713 6137 17331 18587 997 880 616 603 748 5833
2081 1875 231 1609 602 8649 228 5428 426
2083 1704 1064 1073 6200 1900 4251 554
2084 4452 424 207 1515 228
2086 2821 220 1977 1155 13007 18619 432
2087 332 4920 265 1452 4814 377 209
2088 317 554 332 308 4713 228 349 4566
2090 14501 2369 13347 2381 8333 881 858 3455 2471 1202
2091 8159 8160 2222 3670 16695 15923 5119 5891 9830 972 1433 1401
2092 204 436 1510 3258 1515 207 622 222
2093 8122 10412
2094 9400 18664 538 8738 18662 1459 18665 3081 5651 5649
2095 18684 6961 9528 18687 2331 4972 2312 11676 18673 12414
2096 237 4115 3501 1510 755 13664 220 7871 6730 1384 3300 163 867 6187
2097 228 223 163 207 2582 12918 2137 1151 1510 1394 5154 5237 4074 2821
2099 3132 1945 11377 2668 18722 1835 6046 1969 18719 18713 748 1943 2811 18711 3823 18714
2100 8320 7918 6658 1134 1111 2749 8326 4970 4611 10894 837 28 3806 3
